7392-321202
OS REV: 1.11 Sensor Cal: 1479403199
Time (sec),  BV (Volts),  T (deg C),  DO (mg/l),  Q ()
1514589720,+3.45,+15.068,+12.618,+0.974
1514590620,+3.45,+14.990,+13.477,+0.974
1514591520,+3.45,+14.982,+13.592,+0.974
1514592420,+3.45,+14.982,+13.309,+0.976
1514593320,+3.45,+14.964,+12.614,+0.975
1514594220,+3.45,+14.982,+11.863,+0.977
1514595120,+3.45,+14.939,+11.513,+0.974
1514596020,+3.45,+14.939,+11.046,+0.975
1514596920,+3.45,+14.913,+10.403,+0.974
1514597820,+3.45,+14.809,+12.636,+0.974
1514598720,+3.45,+14.827,+12.571,+0.975
1514599620,+3.45,+14.732,+11.407,+0.975
1514600520,+3.45,+14.352,+10.414,+0.973
1514601420,+3.45,+13.665,+10.139,+0.973
1514602320,+3.45,+13.325,+10.112,+0.974
1514603220,+3.45,+12.939,+11.486,+0.974
1514604120,+3.45,+12.578,+11.665,+0.974
1514605020,+3.45,+12.410,+11.684,+0.975
1514605920,+3.45,+12.357,+12.539,+0.975
1514606820,+3.45,+12.348,+13.387,+0.975
1514607720,+3.45,+12.357,+13.269,+0.975
1514608620,+3.45,+12.428,+12.462,+0.975
1514609520,+3.45,+12.383,+11.757,+0.975
1514610420,+3.45,+12.375,+11.244,+0.974
1514611320,+3.45,+12.463,+11.255,+0.974
1514612220,+3.45,+12.277,+11.532,+0.974
1514613120,+3.45,+12.348,+11.362,+0.974
1514614020,+3.45,+12.295,+10.735,+0.975
1514614920,+3.45,+12.268,+10.051,+0.975
1514615820,+3.45,+12.233, +9.609,+0.976
1514616720,+3.45,+12.251, +9.229,+0.975
1514617620,+3.45,+12.392, +8.730,+0.975
1514618520,+3.45,+12.507, +8.388,+0.976
1514619420,+3.45,+12.525, +7.925,+0.976
1514620320,+3.45,+12.516, +7.450,+0.976
1514621220,+3.45,+12.428, +7.003,+0.977
1514622120,+3.45,+12.419, +6.618,+0.977
1514623020,+3.44,+12.348, +6.337,+0.977
1514623920,+3.45,+12.295, +6.114,+0.977
1514624820,+3.45,+12.197, +5.923,+0.978
1514625720,+3.45,+12.153, +5.778,+0.978
1514626620,+3.45,+12.118, +5.643,+0.978
1514627520,+3.45,+12.073, +5.483,+0.979
1514628420,+3.45,+12.011, +5.310,+0.978
1514629320,+3.45,+11.967, +5.119,+0.978
1514630220,+3.45,+11.895, +4.901,+0.979
1514631120,+3.45,+11.815, +4.684,+0.979
1514632020,+3.45,+11.771, +4.566,+0.980
1514632920,+3.45,+11.753, +4.473,+0.979
1514633820,+3.45,+11.681, +4.447,+0.980
1514634720,+3.45,+11.646, +4.406,+0.980
1514635620,+3.45,+11.583, +4.361,+0.980
1514636520,+3.44,+11.556, +4.353,+0.980
1514637420,+3.45,+11.538, +4.371,+0.980
1514638320,+3.44,+11.512, +4.356,+0.980
1514639220,+3.45,+11.503, +4.327,+0.980
1514640120,+3.44,+11.440, +4.269,+0.979
1514641020,+3.44,+11.413, +4.191,+0.980
1514641920,+3.45,+11.395, +4.076,+0.980
1514642820,+3.45,+11.404, +3.957,+0.980
1514643720,+3.44,+11.386, +3.832,+0.980
1514644620,+3.44,+11.395, +3.657,+0.980
1514645520,+3.44,+11.431, +3.386,+0.980
1514646420,+3.44,+11.386, +3.087,+0.980
1514647320,+3.44,+11.368, +2.862,+0.980
1514648220,+3.45,+11.332, +2.701,+0.981
1514649120,+3.44,+11.314, +2.573,+0.980
1514650020,+3.44,+11.323, +2.497,+0.980
1514650920,+3.44,+11.288, +2.491,+0.980
1514651820,+3.44,+11.288, +2.546,+0.980
1514652720,+3.44,+11.288, +2.654,+0.980
1514653620,+3.44,+11.305, +2.745,+0.980
1514654520,+3.44,+11.350, +2.776,+0.980
1514655420,+3.44,+11.359, +2.759,+0.980
1514656320,+3.44,+11.386, +2.723,+0.980
1514657220,+3.44,+11.422, +2.674,+0.980
1514658120,+3.44,+11.476, +2.628,+0.980
1514659020,+3.44,+11.485, +2.583,+0.980
1514659920,+3.44,+11.476, +2.443,+0.980
1514660820,+3.44,+11.958, +3.384,+0.980
1514661720,+3.44,+12.233, +6.252,+0.977
1514662620,+3.44,+12.366, +9.221,+0.974
1514663520,+3.44,+12.286,+10.655,+0.975
1514664420,+3.44,+12.215,+10.993,+0.974
1514665320,+3.44,+12.948,+11.389,+0.976
1514666220,+3.44,+13.386,+11.621,+0.976
1514667120,+3.44,+13.508,+12.275,+0.974
1514668020,+3.44,+13.604,+12.637,+0.975
1514668920,+3.44,+13.718,+12.386,+0.974
1514669820,+3.45,+13.814,+12.796,+0.975
1514670720,+3.45,+13.840,+13.681,+0.975
1514671620,+3.44,+13.857,+13.919,+0.976
1514672520,+3.44,+13.892,+13.979,+0.975
1514673420,+3.45,+13.857,+14.169,+0.977
1514674320,+3.45,+13.874,+13.690,+0.975
1514675220,+3.45,+13.866,+14.010,+0.974
1514676120,+3.45,+13.892,+13.879,+0.976
