7392-321202
OS REV: 1.11 Sensor Cal: 1479403199
Time (sec),  BV (Volts),  T (deg C),  DO (mg/l),  Q ()
1519593600,+3.44,+13.097,+10.818,+0.975
1519594500,+3.44,+13.211,+10.865,+0.975
1519595400,+3.44,+13.360,+10.981,+0.975
1519596300,+3.44,+13.500,+11.074,+0.976
1519597200,+3.44,+13.587,+10.953,+0.975
1519598100,+3.44,+13.709,+11.052,+0.974
1519599000,+3.44,+13.883,+11.030,+0.975
1519599900,+3.44,+14.014,+10.986,+0.976
1519600800,+3.44,+14.092,+11.144,+0.975
1519601700,+3.44,+14.317,+11.174,+0.975
1519602600,+3.44,+14.274,+11.274,+0.974
1519603500,+3.44,+14.317,+11.155,+0.975
1519604400,+3.44,+14.291,+11.161,+0.976
1519605300,+3.44,+14.282,+10.939,+0.975
1519606200,+3.44,+14.300,+10.754,+0.976
1519607100,+3.44,+14.343,+10.992,+0.974
1519608000,+3.44,+14.343,+11.506,+0.975
1519608900,+3.44,+14.326,+11.371,+0.975
1519609800,+3.44,+14.395,+12.003,+0.975
1519610700,+3.44,+14.490,+11.916,+0.975
1519611600,+3.45,+14.481,+12.072,+0.976
1519612500,+3.44,+14.464,+11.902,+0.975
1519613400,+3.45,+14.525,+12.264,+0.976
1519614300,+3.45,+14.499,+12.033,+0.974
1519615200,+3.45,+14.481,+11.725,+0.975
1519616100,+3.45,+14.473,+11.532,+0.976
1519617000,+3.45,+14.464,+11.638,+0.976
1519617900,+3.45,+14.412,+11.535,+0.976
1519618800,+3.45,+14.395,+11.840,+0.976
1519619700,+3.45,+14.369,+12.338,+0.976
1519620600,+3.45,+14.412,+12.608,+0.975
1519621500,+3.45,+14.395,+12.648,+0.975
1519622400,+3.45,+14.308,+12.461,+0.974
1519623300,+3.45,+14.378,+12.621,+0.975
1519624200,+3.45,+14.282,+12.625,+0.976
1519625100,+3.45,+14.308,+12.390,+0.975
1519626000,+3.45,+14.282,+11.943,+0.976
1519626900,+3.45,+14.178,+11.741,+0.975
1519627800,+3.45,+14.126,+11.817,+0.974
1519628700,+3.45,+14.092,+11.811,+0.975
1519629600,+3.45,+14.014,+11.965,+0.976
1519630500,+3.45,+14.014,+11.921,+0.975
1519631400,+3.45,+13.996,+11.681,+0.976
1519632300,+3.45,+13.970,+11.656,+0.975
1519633200,+3.45,+13.953,+11.878,+0.975
1519634100,+3.45,+14.014,+11.567,+0.975
1519635000,+3.45,+13.961,+11.372,+0.975
1519635900,+3.45,+13.944,+11.108,+0.974
1519636800,+3.45,+13.909,+10.724,+0.975
1519637700,+3.45,+13.787,+10.459,+0.975
1519638600,+3.45,+13.709,+10.158,+0.976
1519639500,+3.45,+13.631, +9.945,+0.976
1519640400,+3.45,+13.587, +9.791,+0.975
1519641300,+3.45,+13.500, +9.571,+0.975
1519642200,+3.45,+13.360, +9.439,+0.975
1519643100,+3.45,+13.264, +9.723,+0.976
1519644000,+3.45,+13.211, +9.702,+0.974
1519644900,+3.45,+13.194, +9.344,+0.976
1519645800,+3.45,+13.158, +9.032,+0.975
1519646700,+3.45,+13.185, +8.956,+0.976
1519647600,+3.45,+13.185, +9.989,+0.975
1519648500,+3.45,+13.123, +9.949,+0.976
1519649400,+3.45,+13.167,+10.216,+0.975
1519650300,+3.45,+13.027,+10.391,+0.976
1519651200,+3.45,+12.921,+10.129,+0.976
1519652100,+3.45,+12.833, +9.953,+0.975
1519653000,+3.45,+12.789, +9.874,+0.976
1519653900,+3.45,+12.763, +9.771,+0.977
1519654800,+3.45,+12.745, +9.572,+0.975
1519655700,+3.45,+12.728, +9.533,+0.976
1519656600,+3.45,+12.684, +9.699,+0.976
1519657500,+3.45,+12.666, +9.604,+0.976
1519658400,+3.45,+12.613, +9.541,+0.975
1519659300,+3.45,+12.657, +9.488,+0.975
1519660200,+3.45,+12.693, +9.395,+0.976
1519661100,+3.45,+12.693, +9.267,+0.976
1519662000,+3.45,+12.596, +9.231,+0.976
1519662900,+3.45,+12.454, +9.502,+0.976
1519663800,+3.45,+12.330, +9.444,+0.975
1519664700,+3.45,+12.330, +9.537,+0.976
1519665600,+3.45,+12.604, +9.426,+0.977
1519666500,+3.45,+12.701,+10.161,+0.975
1519667400,+3.45,+12.684,+10.253,+0.977
1519668300,+3.45,+12.851,+10.266,+0.976
1519669200,+3.45,+12.904,+10.377,+0.975
1519670100,+3.45,+13.246,+10.376,+0.975
1519671000,+3.45,+13.290,+10.425,+0.976
1519671900,+3.45,+13.377,+10.450,+0.975
1519672800,+3.45,+13.631,+10.453,+0.976
1519673700,+3.45,+13.805,+10.550,+0.976
1519674600,+3.45,+13.848,+11.123,+0.975
1519675500,+3.45,+13.753,+11.014,+0.975
1519676400,+3.45,+13.735,+11.138,+0.975
1519677300,+3.45,+13.787,+11.211,+0.976
1519678200,+3.45,+13.814,+11.229,+0.976
1519679100,+3.45,+13.857,+11.117,+0.977
1519680000,+3.45,+13.927,+11.204,+0.976
