7392-321202
OS REV: 1.11 Sensor Cal: 1479403199
Time (sec),  BV (Volts),  T (deg C),  DO (mg/l),  Q ()
1519331700,+3.44,+12.410, +9.402,+0.976
1519332600,+3.44,+12.525, +9.432,+0.976
1519333500,+3.44,+12.737, +9.297,+0.975
1519334400,+3.44,+12.798, +9.071,+0.976
1519335300,+3.44,+13.106, +9.266,+0.976
1519336200,+3.44,+13.229, +9.276,+0.976
1519337100,+3.44,+13.866, +9.437,+0.976
1519338000,+3.44,+14.248, +9.443,+0.975
1519338900,+3.44,+15.325,+10.003,+0.975
1519339800,+3.44,+15.248, +9.905,+0.974
1519340700,+3.44,+15.428,+10.003,+0.975
1519341600,+3.44,+15.445, +9.827,+0.975
1519342500,+3.44,+15.411, +9.776,+0.976
1519343400,+3.44,+15.522, +9.770,+0.976
1519344300,+3.45,+15.591, +9.908,+0.975
1519345200,+3.45,+15.771, +9.844,+0.975
1519346100,+3.45,+15.677, +9.832,+0.975
1519347000,+3.45,+15.462, +9.831,+0.975
1519347900,+3.45,+15.385, +9.726,+0.974
1519348800,+3.45,+15.317, +9.747,+0.975
1519349700,+3.45,+15.282, +9.442,+0.976
1519350600,+3.45,+15.145, +9.571,+0.975
1519351500,+3.45,+15.025, +9.394,+0.976
1519352400,+3.45,+14.887, +8.900,+0.976
1519353300,+3.45,+14.723, +8.692,+0.976
1519354200,+3.45,+14.438, +9.378,+0.974
1519355100,+3.45,+14.412, +8.973,+0.975
1519356000,+3.45,+14.291, +8.977,+0.976
1519356900,+3.45,+14.161, +8.605,+0.975
1519357800,+3.45,+14.092, +8.841,+0.976
1519358700,+3.45,+13.918, +8.788,+0.974
1519359600,+3.45,+13.814, +8.572,+0.976
1519360500,+3.45,+13.726, +8.377,+0.975
1519361400,+3.45,+13.787, +8.222,+0.977
1519362300,+3.45,+13.805, +8.745,+0.976
1519363200,+3.45,+13.648, +8.917,+0.975
1519364100,+3.45,+13.491, +8.664,+0.975
1519365000,+3.45,+13.456, +8.394,+0.976
1519365900,+3.45,+13.360, +8.450,+0.977
1519366800,+3.45,+13.272, +8.250,+0.976
1519367700,+3.45,+13.123, +7.989,+0.976
1519368600,+3.45,+13.062, +7.849,+0.976
1519369500,+3.45,+13.018, +7.846,+0.976
1519370400,+3.45,+12.974, +7.795,+0.976
1519371300,+3.45,+12.860, +7.699,+0.977
1519372200,+3.45,+12.816, +8.030,+0.976
1519373100,+3.45,+12.772, +8.014,+0.976
1519374000,+3.45,+12.657, +7.670,+0.977
1519374900,+3.45,+12.551, +7.324,+0.976
1519375800,+3.45,+12.498, +7.131,+0.977
1519376700,+3.45,+12.454, +7.448,+0.977
1519377600,+3.45,+12.322, +7.340,+0.976
1519378500,+3.45,+12.224, +7.317,+0.977
1519379400,+3.45,+12.144, +7.171,+0.977
1519380300,+3.45,+12.055, +7.034,+0.977
1519381200,+3.45,+12.020, +6.819,+0.978
1519382100,+3.44,+12.055, +6.770,+0.978
1519383000,+3.45,+11.949, +6.804,+0.978
1519383900,+3.45,+11.922, +6.783,+0.978
1519384800,+3.45,+11.780, +6.722,+0.978
1519385700,+3.44,+11.655, +6.709,+0.977
1519386600,+3.45,+11.413, +6.749,+0.978
1519387500,+3.44,+11.126, +6.634,+0.978
1519388400,+3.44,+10.901, +6.606,+0.978
1519389300,+3.44,+10.638, +6.667,+0.978
1519390200,+3.44,+10.493, +6.700,+0.978
1519391100,+3.44,+10.357, +6.691,+0.978
1519392000,+3.44,+10.184, +6.623,+0.979
1519392900,+3.44,+10.047, +6.472,+0.979
1519393800,+3.44, +9.818, +6.249,+0.978
1519394700,+3.44, +9.708, +6.111,+0.979
1519395600,+3.44, +9.506, +5.954,+0.979
1519396500,+3.44, +9.238, +5.929,+0.979
1519397400,+3.44,+10.193, +6.864,+0.978
1519398300,+3.44,+10.366, +7.613,+0.977
1519399200,+3.44, +9.506, +7.692,+0.977
1519400100,+3.44,+10.029, +7.667,+0.979
1519401000,+3.44, +9.763, +7.872,+0.978
1519401900,+3.44, +9.791, +7.750,+0.978
1519402800,+3.44, +8.885, +7.949,+0.977
1519403700,+3.44, +8.913, +7.935,+0.978
1519404600,+3.44, +8.783, +7.956,+0.978
1519405500,+3.44, +8.549, +7.977,+0.978
1519406400,+3.44, +8.699, +8.014,+0.978
1519407300,+3.44, +8.894, +8.015,+0.978
1519408200,+3.44, +8.987, +7.998,+0.978
1519409100,+3.44, +9.052, +7.967,+0.978
1519410000,+3.44, +8.305, +8.290,+0.978
1519410900,+3.44, +8.773, +8.173,+0.978
1519411800,+3.44, +9.349, +8.075,+0.979
1519412700,+3.44, +9.349, +8.233,+0.978
1519413600,+3.44,+10.229, +8.748,+0.978
1519414500,+3.44,+10.421, +8.939,+0.977
1519415400,+3.44,+10.666, +8.911,+0.977
1519416300,+3.44,+11.036, +8.895,+0.977
1519417200,+3.44,+11.243, +8.931,+0.976
1519418100,+3.44,+11.449, +8.916,+0.975
