7392-321202
OS REV: 1.11 Sensor Cal: 1479403199
Time (sec),  BV (Volts),  T (deg C),  DO (mg/l),  Q ()
1520015160,+3.45,+14.421,+10.265,+0.964
1520016060,+3.45,+14.516,+10.264,+0.964
1520016960,+3.45,+14.585,+10.303,+0.965
1520017860,+3.45,+14.697,+10.302,+0.964
1520018760,+3.45,+14.784,+10.316,+0.964
1520019660,+3.45,+14.973,+10.349,+0.966
1520020560,+3.45,+15.171,+10.312,+0.964
1520021460,+3.45,+15.171,+10.335,+0.964
1520022360,+3.45,+15.317,+10.327,+0.964
1520023260,+3.45,+15.548,+10.306,+0.964
1520024160,+3.45,+15.702,+10.300,+0.964
1520025060,+3.45,+15.873,+10.288,+0.964
1520025960,+3.45,+16.001,+10.219,+0.962
1520026860,+3.45,+16.061,+10.277,+0.964
1520027760,+3.45,+16.078,+10.310,+0.964
1520028660,+3.45,+16.163,+10.415,+0.966
1520029560,+3.45,+16.197,+10.539,+0.964
1520030460,+3.45,+16.189,+10.723,+0.965
1520031360,+3.45,+16.214,+10.718,+0.963
1520032260,+3.45,+16.223,+10.746,+0.964
1520033160,+3.45,+16.189,+10.738,+0.962
1520034060,+3.45,+16.274,+10.768,+0.965
1520034960,+3.45,+16.291,+10.724,+0.963
1520035860,+3.45,+16.274,+10.750,+0.964
1520036760,+3.45,+16.231,+10.780,+0.964
1520037660,+3.45,+16.206,+10.751,+0.963
1520038560,+3.45,+16.189,+10.755,+0.963
1520039460,+3.45,+16.240,+10.790,+0.965
1520040360,+3.45,+16.274,+10.795,+0.964
1520041260,+3.45,+16.223,+10.787,+0.964
1520042160,+3.45,+16.163,+10.795,+0.964
1520043060,+3.45,+16.163,+10.774,+0.964
1520043960,+3.45,+16.223,+10.805,+0.966
1520044860,+3.45,+16.214,+10.776,+0.965
1520045760,+3.45,+16.197,+10.781,+0.965
1520046660,+3.46,+16.104,+10.806,+0.964
1520047560,+3.46,+16.061,+10.825,+0.964
1520048460,+3.46,+16.001,+10.857,+0.964
1520049360,+3.46,+16.044,+10.839,+0.964
1520050260,+3.46,+16.001,+10.852,+0.963
1520051160,+3.46,+16.001,+10.879,+0.964
1520052060,+3.46,+16.010,+10.853,+0.963
1520052960,+3.46,+16.001,+10.896,+0.964
1520053860,+3.46,+15.959,+10.950,+0.965
1520054760,+3.46,+15.941,+10.978,+0.964
1520055660,+3.46,+15.967,+11.022,+0.965
1520056560,+3.46,+15.959,+11.037,+0.965
1520057460,+3.46,+15.950,+11.047,+0.963
1520058360,+3.46,+15.993,+11.062,+0.964
1520059260,+3.46,+15.916,+11.090,+0.964
1520060160,+3.46,+15.933,+11.098,+0.965
1520061060,+3.46,+15.907,+11.087,+0.964
1520061960,+3.46,+15.882,+11.111,+0.963
1520062860,+3.46,+15.830,+11.155,+0.964
1520063760,+3.46,+15.882,+11.125,+0.964
1520064660,+3.46,+15.890,+11.152,+0.964
1520065560,+3.46,+15.830,+11.220,+0.965
1520066460,+3.46,+15.822,+11.236,+0.965
1520067360,+3.46,+15.745,+11.284,+0.964
1520068260,+3.46,+15.745,+11.291,+0.963
1520069160,+3.46,+15.745,+11.323,+0.965
1520070060,+3.46,+15.668,+11.367,+0.964
1520070960,+3.46,+15.608,+11.433,+0.964
1520071860,+3.46,+15.540,+11.453,+0.963
1520072760,+3.46,+15.480,+11.513,+0.964
1520073660,+3.46,+15.471,+11.546,+0.964
1520074560,+3.46,+15.497,+11.602,+0.964
1520075460,+3.46,+15.497,+11.604,+0.964
1520076360,+3.46,+15.488,+11.618,+0.963
1520077260,+3.46,+15.454,+11.644,+0.964
1520078160,+3.46,+15.497,+11.670,+0.964
1520079060,+3.46,+15.617,+11.623,+0.963
1520079960,+3.46,+15.591,+11.640,+0.964
1520080860,+3.46,+15.574,+11.611,+0.963
1520081760,+3.46,+15.651,+11.590,+0.965
1520082660,+3.46,+15.651,+11.570,+0.966
1520083560,+3.46,+15.677,+11.482,+0.964
1520084460,+3.46,+15.651,+11.429,+0.964
1520085360,+3.46,+15.651,+11.378,+0.964
1520086260,+3.46,+15.625,+11.304,+0.963
1520087160,+3.46,+15.591,+11.265,+0.964
1520088060,+3.46,+15.548,+11.225,+0.965
1520088960,+3.46,+15.548,+11.145,+0.963
1520089860,+3.46,+15.548,+11.133,+0.965
1520090760,+3.46,+15.514,+11.066,+0.964
1520091660,+3.46,+15.334,+11.055,+0.964
1520092560,+3.46,+15.265,+11.036,+0.965
1520093460,+3.46,+15.360,+10.962,+0.964
1520094360,+3.46,+15.308,+10.963,+0.965
1520095260,+3.46,+15.377,+10.886,+0.965
1520096160,+3.46,+15.334,+10.858,+0.964
1520097060,+3.46,+15.360,+10.835,+0.965
1520097960,+3.46,+15.342,+10.786,+0.964
1520098860,+3.46,+15.351,+10.759,+0.965
1520099760,+3.46,+15.162,+10.776,+0.964
1520100660,+3.46,+15.291,+10.710,+0.963
1520101560,+3.46,+15.342,+10.711,+0.966
