7392-321202
OS REV: 1.11 Sensor Cal: 1479403199
Time (sec),  BV (Volts),  T (deg C),  DO (mg/l),  Q ()
1519244400,+3.44,+11.931, +9.469,+0.975
1519245300,+3.44,+12.047, +9.453,+0.977
1519246200,+3.44,+12.144, +9.408,+0.976
1519247100,+3.44,+12.189, +9.221,+0.976
1519248000,+3.44,+12.242, +9.039,+0.976
1519248900,+3.44,+12.383, +9.270,+0.976
1519249800,+3.44,+12.737, +9.457,+0.977
1519250700,+3.44,+12.895, +9.458,+0.977
1519251600,+3.44,+12.913, +9.466,+0.976
1519252500,+3.44,+13.001, +9.624,+0.977
1519253400,+3.44,+13.185, +9.555,+0.976
1519254300,+3.44,+13.369, +9.544,+0.975
1519255200,+3.44,+13.412, +9.578,+0.976
1519256100,+3.44,+13.404, +9.666,+0.975
1519257000,+3.44,+13.665, +9.757,+0.977
1519257900,+3.44,+13.831, +9.746,+0.977
1519258800,+3.44,+13.709, +9.690,+0.976
1519259700,+3.44,+13.726, +9.738,+0.975
1519260600,+3.44,+14.031, +9.616,+0.975
1519261500,+3.44,+14.135, +9.455,+0.976
1519262400,+3.44,+13.935, +9.254,+0.975
1519263300,+3.44,+14.031, +9.286,+0.976
1519264200,+3.44,+14.213, +9.470,+0.976
1519265100,+3.44,+14.178, +8.919,+0.975
1519266000,+3.44,+14.507, +8.937,+0.975
1519266900,+3.44,+14.308, +8.810,+0.975
1519267800,+3.44,+14.248, +8.588,+0.976
1519268700,+3.44,+14.178, +8.504,+0.977
1519269600,+3.44,+14.100, +8.447,+0.976
1519270500,+3.44,+13.901, +8.377,+0.976
1519271400,+3.45,+13.787, +8.504,+0.976
1519272300,+3.44,+13.761, +8.593,+0.975
1519273200,+3.44,+13.665, +8.796,+0.975
1519274100,+3.45,+13.596, +9.019,+0.977
1519275000,+3.44,+13.526, +8.901,+0.976
1519275900,+3.44,+13.456, +8.832,+0.976
1519276800,+3.44,+13.395, +8.669,+0.976
1519277700,+3.44,+13.316, +8.670,+0.976
1519278600,+3.44,+13.316, +8.626,+0.976
1519279500,+3.44,+13.229, +8.704,+0.975
1519280400,+3.45,+13.211, +8.749,+0.976
1519281300,+3.44,+13.185, +8.730,+0.977
1519282200,+3.44,+13.062, +9.032,+0.975
1519283100,+3.45,+12.992, +9.238,+0.975
1519284000,+3.44,+12.939, +9.700,+0.976
1519284900,+3.44,+12.904, +9.699,+0.976
1519285800,+3.44,+12.860, +9.650,+0.975
1519286700,+3.44,+12.842, +9.592,+0.977
1519287600,+3.44,+12.737, +9.917,+0.976
1519288500,+3.44,+12.684,+10.640,+0.975
1519289400,+3.45,+12.631,+10.722,+0.976
1519290300,+3.44,+12.622,+10.648,+0.975
1519291200,+3.45,+12.657,+10.725,+0.976
1519292100,+3.45,+12.622,+10.792,+0.975
1519293000,+3.44,+12.543,+10.650,+0.976
1519293900,+3.44,+12.560,+10.539,+0.976
1519294800,+3.45,+12.490,+10.650,+0.975
1519295700,+3.44,+12.445,+10.726,+0.977
1519296600,+3.44,+12.560,+10.536,+0.977
1519297500,+3.45,+12.560,+10.411,+0.976
1519298400,+3.44,+12.410,+10.670,+0.974
1519299300,+3.44,+12.366,+10.575,+0.975
1519300200,+3.44,+12.330,+10.354,+0.976
1519301100,+3.44,+12.304,+10.310,+0.975
1519302000,+3.44,+12.197,+10.364,+0.975
1519302900,+3.44,+12.171,+10.344,+0.975
1519303800,+3.44,+12.091,+10.389,+0.976
1519304700,+3.44,+12.126,+10.113,+0.976
1519305600,+3.44,+12.047,+10.127,+0.976
1519306500,+3.44,+11.993, +9.502,+0.976
1519307400,+3.44,+11.949, +9.285,+0.977
1519308300,+3.44,+11.975, +9.144,+0.976
1519309200,+3.44,+11.753, +9.582,+0.976
1519310100,+3.44,+11.297, +8.828,+0.977
1519311000,+3.44,+10.864, +8.577,+0.977
1519311900,+3.44,+10.747, +8.207,+0.978
1519312800,+3.44,+10.656, +7.963,+0.977
1519313700,+3.44,+10.502, +7.743,+0.977
1519314600,+3.44,+10.411, +7.627,+0.978
1519315500,+3.44,+10.466, +7.439,+0.979
1519316400,+3.44,+10.593, +7.274,+0.978
1519317300,+3.44,+10.729, +7.243,+0.979
1519318200,+3.44,+10.819, +7.263,+0.978
1519319100,+3.44,+10.366, +7.842,+0.977
1519320000,+3.44,+10.566, +7.770,+0.977
1519320900,+3.44,+10.774, +7.987,+0.977
1519321800,+3.44,+10.765, +8.216,+0.977
1519322700,+3.44,+11.081, +8.278,+0.977
1519323600,+3.44,+11.270, +8.392,+0.977
1519324500,+3.44,+11.431, +8.646,+0.977
1519325400,+3.44,+11.583, +8.606,+0.977
1519326300,+3.44,+11.619, +8.600,+0.976
1519327200,+3.44,+11.708, +8.836,+0.977
1519328100,+3.44,+11.851, +9.000,+0.976
1519329000,+3.44,+12.055, +8.997,+0.976
1519329900,+3.44,+12.189, +9.256,+0.976
1519330800,+3.44,+12.322, +9.261,+0.976
