7392-321202
OS REV: 1.11 Sensor Cal: 1479403199
Time (sec),  BV (Volts),  T (deg C),  DO (mg/l),  Q ()
1511317200,+3.47,+19.262, +0.532,+0.978
1511318100,+3.47,+19.237, +0.486,+0.977
1511319000,+3.47,+19.178, +0.443,+0.975
1511319900,+3.47,+19.111, +0.399,+0.974
1511320800,+3.47,+19.036, +0.361,+0.974
1511321700,+3.47,+18.985, +0.330,+0.973
1511322600,+3.47,+18.918, +0.305,+0.972
1511323500,+3.47,+18.851, +0.280,+0.972
1511324400,+3.47,+18.767, +0.260,+0.972
1511325300,+3.47,+18.675, +0.243,+0.971
1511326200,+3.47,+18.582, +0.229,+0.971
1511327100,+3.47,+18.465, +0.218,+0.971
1511328000,+3.47,+18.431, +0.209,+0.970
1511328900,+3.47,+18.355, +0.204,+0.971
1511329800,+3.47,+18.204, +0.199,+0.970
1511330700,+3.47,+18.061, +0.193,+0.970
1511331600,+3.47,+17.985, +0.187,+0.970
1511332500,+3.47,+17.875, +0.180,+0.970
1511333400,+3.47,+17.774, +0.173,+0.970
1511334300,+3.47,+17.689, +0.167,+0.969
1511335200,+3.47,+17.605, +0.163,+0.969
1511336100,+3.47,+17.521, +0.160,+0.969
1511337000,+3.47,+17.554, +0.159,+0.969
1511337900,+3.47,+17.504, +0.158,+0.969
1511338800,+3.47,+17.445, +0.158,+0.969
1511339700,+3.47,+17.419, +0.156,+0.969
1511340600,+3.47,+17.377, +0.154,+0.969
1511341500,+3.47,+17.326, +0.153,+0.969
1511342400,+3.47,+17.233, +0.157,+0.969
1511343300,+3.47,+17.216, +0.164,+0.969
1511344200,+3.47,+17.174, +0.171,+0.970
1511345100,+3.47,+17.106, +0.176,+0.970
1511346000,+3.47,+17.081, +0.174,+0.970
1511346900,+3.47,+17.021, +0.171,+0.970
1511347800,+3.47,+16.996, +0.169,+0.969
1511348700,+3.47,+16.937, +0.172,+0.970
1511349600,+3.47,+16.903, +0.175,+0.970
1511350500,+3.47,+16.869, +0.175,+0.970
1511351400,+3.47,+16.826, +0.178,+0.970
1511352300,+3.47,+16.801, +0.371,+0.974
1511353200,+3.47,+16.775, +0.744,+0.980
1511354100,+3.47,+16.725, +0.746,+0.980
1511355000,+3.47,+16.699, +0.663,+0.979
1511355900,+3.47,+16.623, +0.576,+0.978
1511356800,+3.47,+16.597, +0.496,+0.976
1511357700,+3.47,+16.546, +0.435,+0.975
1511358600,+3.47,+16.487, +0.387,+0.974
1511359500,+3.47,+16.427, +0.349,+0.974
1511360400,+3.47,+16.385, +0.314,+0.973
1511361300,+3.47,+16.299, +0.288,+0.973
1511362200,+3.47,+16.274, +0.266,+0.972
1511363100,+3.47,+16.240, +0.252,+0.972
1511364000,+3.47,+16.189, +0.244,+0.971
1511364900,+3.47,+16.180, +0.249,+0.971
1511365800,+3.47,+16.155, +0.258,+0.972
1511366700,+3.47,+16.155, +0.261,+0.972
1511367600,+3.47,+16.112, +0.253,+0.972
1511368500,+3.47,+16.121, +0.239,+0.971
1511369400,+3.47,+16.112, +0.222,+0.971
1511370300,+3.47,+16.189, +0.208,+0.971
1511371200,+3.47,+16.368, +0.192,+0.971
1511372100,+3.46,+16.427, +0.184,+0.970
1511373000,+3.47,+16.444, +0.211,+0.971
1511373900,+3.46,+16.623, +0.268,+0.972
1511374800,+3.46,+17.047, +0.305,+0.973
1511375700,+3.47,+17.521, +0.355,+0.975
1511376600,+3.47,+17.968, +3.298,+0.967
1511377500,+3.47,+22.833, +8.516,+0.984
