7392-321202
OS REV: 1.11 Sensor Cal: 1479403199
Time (sec),  BV (Volts),  T (deg C),  DO (mg/l),  Q ()
1510531500,+3.47,+18.985, +5.876,+0.986
1510532400,+3.47,+19.002, +5.287,+0.987
1510533300,+3.47,+19.019, +4.758,+0.988
1510534200,+3.47,+19.044, +4.207,+0.989
1510535100,+3.47,+19.011, +3.674,+0.990
1510536000,+3.47,+18.943, +3.156,+0.990
1510536900,+3.47,+18.893, +2.700,+0.990
1510537800,+3.47,+18.851, +2.305,+0.989
1510538700,+3.47,+18.809, +1.991,+0.989
1510539600,+3.47,+18.734, +1.734,+0.988
1510540500,+3.47,+18.683, +1.529,+0.986
1510541400,+3.47,+18.599, +1.371,+0.986
1510542300,+3.47,+18.557, +1.239,+0.984
1510543200,+3.47,+18.473, +1.131,+0.983
1510544100,+3.47,+18.355, +1.041,+0.982
1510545000,+3.47,+18.254, +0.965,+0.981
1510545900,+3.47,+18.145, +0.905,+0.981
1510546800,+3.47,+18.094, +0.850,+0.980
1510547700,+3.47,+18.027, +0.806,+0.979
1510548600,+3.47,+17.884, +0.772,+0.978
1510549500,+3.47,+17.884, +0.745,+0.978
1510550400,+3.47,+17.808, +0.723,+0.978
1510551300,+3.47,+17.740, +0.707,+0.977
1510552200,+3.47,+17.689, +0.691,+0.977
1510553100,+3.47,+17.622, +0.680,+0.977
1510554000,+3.47,+17.554, +0.671,+0.977
1510554900,+3.47,+17.504, +0.662,+0.977
1510555800,+3.47,+17.461, +0.652,+0.977
1510556700,+3.47,+17.428, +0.644,+0.977
1510557600,+3.47,+17.394, +0.635,+0.977
1510558500,+3.47,+17.309, +0.625,+0.977
1510559400,+3.47,+17.292, +0.612,+0.977
1510560300,+3.47,+17.258, +0.603,+0.977
1510561200,+3.47,+17.292, +0.590,+0.977
1510562100,+3.47,+17.267, +0.580,+0.977
1510563000,+3.47,+17.258, +0.562,+0.976
1510563900,+3.47,+17.182, +0.545,+0.976
1510564800,+3.47,+17.165, +0.526,+0.976
1510565700,+3.47,+17.098, +0.508,+0.975
1510566600,+3.47,+17.038, +0.490,+0.975
1510567500,+3.47,+17.004, +0.476,+0.975
1510568400,+3.47,+16.945, +0.464,+0.975
1510569300,+3.47,+16.920, +0.451,+0.974
1510570200,+3.47,+16.877, +0.440,+0.974
1510571100,+3.47,+16.835, +0.429,+0.974
1510572000,+3.47,+16.801, +0.419,+0.974
1510572900,+3.47,+16.759, +0.411,+0.974
1510573800,+3.47,+16.725, +0.399,+0.974
1510574700,+3.47,+16.725, +0.391,+0.973
1510575600,+3.47,+16.716, +0.384,+0.974
1510576500,+3.47,+16.631, +0.376,+0.973
1510577400,+3.47,+16.538, +0.370,+0.973
1510578300,+3.47,+16.470, +0.363,+0.973
1510579200,+3.47,+16.504, +0.355,+0.973
1510580100,+3.47,+16.419, +0.353,+0.973
1510581000,+3.47,+16.402, +0.346,+0.973
1510581900,+3.47,+16.393, +0.341,+0.973
1510582800,+3.47,+16.385, +0.335,+0.973
1510583700,+3.47,+16.342, +0.329,+0.972
1510584600,+3.46,+16.325, +0.324,+0.973
1510585500,+3.47,+16.291, +0.315,+0.972
1510586400,+3.47,+16.257, +0.309,+0.972
1510587300,+3.47,+16.265, +0.302,+0.972
1510588200,+3.47,+16.265, +0.295,+0.972
1510589100,+3.47,+16.257, +0.430,+0.974
1510590000,+3.47,+16.257, +0.548,+0.976
1510590900,+3.47,+16.257, +0.580,+0.977
1510591800,+3.47,+16.248, +0.575,+0.977
1510592700,+3.47,+16.248, +0.558,+0.977
1510593600,+3.47,+16.189, +0.532,+0.977
1510594500,+3.47,+16.180, +0.501,+0.976
1510595400,+3.47,+16.308, +0.491,+0.977
1510596300,+3.46,+16.385, +0.585,+0.978
1510597200,+3.47,+16.478, +0.629,+0.979
1510598100,+3.47,+16.563, +0.611,+0.979
1510599000,+3.47,+16.572, +0.574,+0.978
1510599900,+3.47,+16.801, +0.553,+0.978
1510600800,+3.47,+17.165, +0.546,+0.979
1510601700,+3.46,+17.597, +0.536,+0.979
1510602600,+3.46,+17.774, +0.498,+0.978
1510603500,+3.47,+18.305, +0.810,+0.984
1510604400,+3.46,+18.692, +0.988,+0.987
1510605300,+3.46,+18.187, +1.053,+0.987
1510606200,+3.46,+17.858, +2.016,+0.990
1510607100,+3.46,+19.924, +2.535,+0.992
1510608000,+3.46,+19.958, +3.018,+0.990
1510608900,+3.46,+20.292, +3.844,+0.987
1510609800,+3.47,+20.501, +5.295,+0.986
1510610700,+3.47,+20.610, +5.932,+0.987
1510611600,+3.47,+20.510, +7.049,+0.984
1510612500,+3.47,+20.443, +7.742,+0.984
1510613400,+3.47,+20.476, +8.193,+0.984
1510614300,+3.47,+20.710, +8.049,+0.982
1510615200,+3.47,+20.518, +7.879,+0.983
1510616100,+3.47,+20.485, +7.900,+0.982
1510617000,+3.47,+20.301, +7.578,+0.983
1510617900,+3.47,+20.184, +6.860,+0.983
