7392-321202
OS REV: 1.11 Sensor Cal: 1479403199
Time (sec),  BV (Volts),  T (deg C),  DO (mg/l),  Q ()
1510269600,+3.47,+20.652, +8.619,+0.992
1510270500,+3.47,+21.011, +8.595,+0.993
1510271400,+3.47,+20.986, +8.561,+0.989
1510272300,+3.47,+20.376, +8.651,+0.990
1510273200,+3.47,+19.564, +8.787,+0.991
1510274100,+3.47,+19.589, +8.791,+0.991
1510275000,+3.47,+18.860, +8.863,+0.991
1510275900,+3.47,+18.389, +8.869,+0.992
1510276800,+3.47,+18.052, +8.842,+0.992
1510277700,+3.47,+17.926, +8.789,+0.993
1510278600,+3.47,+17.816, +8.681,+0.993
1510279500,+3.47,+17.681, +8.582,+0.992
1510280400,+3.47,+17.622, +8.483,+0.993
1510281300,+3.47,+17.571, +8.391,+0.992
1510282200,+3.47,+17.537, +8.336,+0.993
1510283100,+3.47,+17.411, +8.268,+0.992
1510284000,+3.47,+16.954, +8.263,+0.992
1510284900,+3.47,+16.614, +8.276,+0.992
1510285800,+3.47,+16.112, +8.310,+0.992
1510286700,+3.47,+15.659, +8.348,+0.992
1510287600,+3.47,+15.222, +8.378,+0.991
1510288500,+3.47,+15.102, +8.417,+0.992
1510289400,+3.47,+14.990, +8.425,+0.992
1510290300,+3.47,+14.896, +8.445,+0.992
1510291200,+3.47,+14.749, +8.483,+0.993
1510292100,+3.47,+14.697, +8.476,+0.993
1510293000,+3.47,+14.930, +8.415,+0.992
1510293900,+3.47,+14.887, +8.426,+0.994
1510294800,+3.47,+14.706, +8.408,+0.993
1510295700,+3.47,+14.378, +8.409,+0.992
1510296600,+3.47,+14.196, +8.409,+0.993
1510297500,+3.47,+13.570, +8.434,+0.991
1510298400,+3.46,+13.334, +8.441,+0.991
1510299300,+3.47,+13.194, +8.441,+0.992
1510300200,+3.47,+12.930, +8.462,+0.992
1510301100,+3.46,+12.860, +8.448,+0.992
1510302000,+3.46,+12.516, +8.467,+0.992
1510302900,+3.46,+12.666, +8.457,+0.993
1510303800,+3.46,+12.481, +8.432,+0.992
1510304700,+3.46,+12.401, +8.433,+0.993
1510305600,+3.46,+12.366, +8.435,+0.993
1510306500,+3.46,+12.029, +8.448,+0.993
1510307400,+3.46,+11.780, +8.469,+0.994
1510308300,+3.46,+11.780, +8.460,+0.994
1510309200,+3.46,+11.815, +8.439,+0.993
1510310100,+3.46,+11.583, +8.460,+0.994
1510311000,+3.46,+11.413, +8.461,+0.993
1510311900,+3.46,+11.422, +8.460,+0.993
1510312800,+3.46,+11.422, +8.443,+0.993
1510313700,+3.46,+11.485, +8.440,+0.993
1510314600,+3.46,+11.162, +8.467,+0.994
1510315500,+3.46,+11.395, +8.452,+0.994
1510316400,+3.46,+11.054, +8.456,+0.993
1510317300,+3.46,+10.882, +8.445,+0.993
1510318200,+3.46,+11.153, +8.404,+0.994
1510319100,+3.46,+11.297, +8.374,+0.994
1510320000,+3.46,+11.234, +8.343,+0.994
1510320900,+3.45,+10.792, +8.364,+0.993
1510321800,+3.45,+10.846, +8.344,+0.993
1510322700,+3.45,+11.144, +8.306,+0.994
1510323600,+3.45,+11.081, +8.280,+0.993
1510324500,+3.45,+11.018, +8.241,+0.993
1510325400,+3.45,+10.910, +8.242,+0.994
1510326300,+3.45,+10.892, +8.221,+0.994
1510327200,+3.45,+11.072, +8.185,+0.994
1510328100,+3.45,+11.485, +8.110,+0.994
1510329000,+3.45,+11.967, +8.032,+0.995
1510329900,+3.45,+12.551, +7.917,+0.994
1510330800,+3.45,+13.176, +7.811,+0.995
1510331700,+3.45,+14.204, +7.632,+0.994
1510332600,+3.45,+16.069, +7.374,+0.994
1510333500,+3.45,+16.172, +7.275,+0.993
1510334400,+3.45,+16.248, +7.161,+0.992
1510335300,+3.45,+16.436, +7.055,+0.993
1510336200,+3.46,+16.521, +6.968,+0.992
1510337100,+3.45,+16.529, +6.897,+0.992
1510338000,+3.45,+16.555, +6.829,+0.993
1510338900,+3.46,+16.470, +6.766,+0.993
1510339800,+3.45,+16.461, +6.718,+0.992
1510340700,+3.46,+16.512, +6.709,+0.993
1510341600,+3.46,+16.606, +6.691,+0.992
1510342500,+3.46,+16.657, +6.722,+0.993
1510343400,+3.46,+16.784, +6.717,+0.993
1510344300,+3.46,+17.605, +6.650,+0.993
1510345200,+3.46,+17.943, +6.655,+0.991
1510346100,+3.46,+18.263, +6.685,+0.991
1510347000,+3.46,+18.204, +6.736,+0.990
1510347900,+3.46,+18.439, +6.795,+0.990
1510348800,+3.46,+19.019, +6.821,+0.991
1510349700,+3.46,+18.574, +7.065,+0.989
1510350600,+3.46,+18.187, +7.431,+0.991
1510351500,+3.46,+17.926, +7.701,+0.991
1510352400,+3.46,+17.951, +7.891,+0.991
1510353300,+3.46,+18.271, +8.051,+0.992
1510354200,+3.46,+19.480, +8.156,+0.992
1510355100,+3.47,+21.538, +8.174,+0.992
1510356000,+3.47,+22.490, +8.211,+0.989
