7392-321202
OS REV: 1.11 Sensor Cal: 1479403199
Time (sec),  BV (Volts),  T (deg C),  DO (mg/l),  Q ()
1507847340,+3.49,+23.134,+11.872,+0.995
1507848240,+3.49,+23.201,+11.746,+0.994
1507849140,+3.49,+23.251,+11.676,+0.996
1507850040,+3.49,+23.326,+11.172,+0.994
1507850940,+3.49,+23.360,+10.913,+0.990
1507851840,+3.49,+23.410, +9.799,+0.994
1507852740,+3.49,+23.435, +8.684,+0.994
1507853640,+3.49,+23.426, +8.404,+0.995
1507854540,+3.49,+23.426, +8.031,+0.995
1507855440,+3.49,+23.393, +7.560,+0.994
1507856340,+3.49,+23.301, +7.029,+0.995
1507857240,+3.49,+23.242, +6.539,+0.995
1507858140,+3.49,+23.184, +6.261,+0.995
1507859040,+3.49,+23.109, +6.005,+0.994
1507859940,+3.49,+23.042, +5.787,+0.995
1507860840,+3.49,+23.008, +5.605,+0.993
1507861740,+3.49,+22.925, +5.466,+0.994
1507862640,+3.49,+22.891, +5.299,+0.994
1507863540,+3.49,+22.824, +5.139,+0.994
1507864440,+3.49,+22.824, +5.066,+0.994
1507865340,+3.49,+22.749, +5.024,+0.993
1507866240,+3.49,+22.707, +4.978,+0.993
1507867140,+3.49,+22.624, +4.981,+0.994
1507868040,+3.49,+22.565, +4.958,+0.994
1507868940,+3.49,+22.473, +4.955,+0.994
1507869840,+3.49,+22.407, +4.928,+0.994
1507870740,+3.49,+22.340, +4.920,+0.994
1507871640,+3.49,+22.290, +4.930,+0.994
1507872540,+3.49,+22.214, +4.879,+0.994
1507873440,+3.49,+22.122, +4.838,+0.995
1507874340,+3.49,+22.056, +4.824,+0.995
1507875240,+3.49,+21.964, +4.854,+0.994
1507876140,+3.49,+21.905, +4.894,+0.994
1507877040,+3.49,+21.847, +4.908,+0.995
1507877940,+3.49,+21.788, +4.943,+0.994
1507878840,+3.49,+21.721, +4.995,+0.994
1507879740,+3.49,+21.688, +5.039,+0.995
1507880640,+3.49,+21.655, +5.048,+0.994
1507881540,+3.49,+21.613, +5.037,+0.994
1507882440,+3.49,+21.546, +5.000,+0.993
1507883340,+3.49,+21.454, +4.894,+0.993
1507884240,+3.49,+21.387, +4.850,+0.993
1507885140,+3.49,+21.321, +4.841,+0.994
1507886040,+3.49,+21.254, +4.855,+0.995
1507886940,+3.49,+21.187, +4.854,+0.995
1507887840,+3.49,+21.103, +4.857,+0.995
1507888740,+3.49,+21.053, +4.869,+0.994
1507889640,+3.49,+21.003, +4.766,+0.994
1507890540,+3.49,+20.953, +4.777,+0.995
1507891440,+3.49,+20.886, +4.752,+0.996
1507892340,+3.49,+20.827, +4.709,+0.995
1507893240,+3.49,+20.786, +4.828,+0.995
1507894140,+3.49,+20.719, +4.835,+0.995
1507895040,+3.49,+20.644, +4.788,+0.995
1507895940,+3.49,+20.585, +4.762,+0.996
1507896840,+3.49,+20.543, +4.721,+0.995
1507897740,+3.49,+20.468, +4.674,+0.996
1507898640,+3.49,+20.468, +4.612,+0.995
1507899540,+3.49,+20.401, +4.568,+0.995
1507900440,+3.49,+20.359, +4.507,+0.995
1507901340,+3.49,+20.301, +4.309,+0.995
1507902240,+3.49,+20.251, +4.218,+0.994
1507903140,+3.49,+20.225, +4.174,+0.995
1507904040,+3.49,+20.125, +4.108,+0.995
1507904940,+3.48,+20.117, +4.010,+0.995
1507905840,+3.49,+20.041, +3.926,+0.995
1507906740,+3.49,+19.974, +3.828,+0.995
1507907640,+3.49,+19.941, +3.817,+0.995
1507908540,+3.49,+19.916, +3.783,+0.995
1507909440,+3.48,+19.866, +3.747,+0.995
1507910340,+3.49,+19.857, +3.695,+0.995
1507911240,+3.48,+19.824, +3.644,+0.995
1507912140,+3.48,+19.773, +3.590,+0.995
1507913040,+3.49,+19.748, +3.989,+0.995
1507913940,+3.48,+19.706, +4.004,+0.995
1507914840,+3.48,+19.949, +4.795,+0.994
1507915740,+3.48,+20.016, +4.797,+0.995
1507916640,+3.49,+20.468, +5.697,+0.994
1507917540,+3.48,+20.644, +6.766,+0.993
1507918440,+3.48,+20.702, +7.409,+0.993
1507919340,+3.48,+20.919, +7.991,+0.993
1507920240,+3.48,+20.995, +8.306,+0.991
1507921140,+3.48,+21.162, +8.439,+0.994
1507922040,+3.48,+21.379, +8.681,+0.992
1507922940,+3.49,+21.655, +9.203,+0.995
1507923840,+3.48,+21.989, +9.392,+0.994
1507924740,+3.48,+22.181, +9.884,+0.993
1507925640,+3.49,+22.432,+10.120,+0.992
1507926540,+3.49,+22.549,+10.162,+0.993
1507927440,+3.49,+22.641,+10.022,+0.993
1507928340,+3.49,+22.741,+10.298,+0.993
1507929240,+3.48,+22.950,+10.656,+0.993
1507930140,+3.49,+23.067,+10.830,+0.994
1507931040,+3.48,+23.176,+11.068,+0.992
1507931940,+3.49,+23.318,+11.146,+0.994
1507932840,+3.49,+23.410,+11.412,+0.992
1507933740,+3.49,+23.477,+11.268,+0.994
