7392-321202
OS REV: 1.11 Sensor Cal: 1479403199
Time (sec),  BV (Volts),  T (deg C),  DO (mg/l),  Q ()
1509745800,+3.47,+21.078, +8.505,+0.992
1509746700,+3.47,+19.949, +8.620,+0.990
1509747600,+3.47,+19.296, +8.711,+0.991
1509748500,+3.47,+19.246, +8.736,+0.991
1509749400,+3.47,+19.773, +8.704,+0.992
1509750300,+3.47,+20.133, +8.656,+0.991
1509751200,+3.47,+20.317, +8.651,+0.991
1509752100,+3.47,+20.443, +8.614,+0.990
1509753000,+3.47,+20.635, +8.594,+0.990
1509753900,+3.47,+21.011, +8.558,+0.990
1509754800,+3.47,+20.928, +8.576,+0.992
1509755700,+3.48,+20.292, +8.629,+0.990
1509756600,+3.48,+19.229, +8.765,+0.991
1509757500,+3.47,+18.641, +8.842,+0.991
1509758400,+3.47,+18.431, +8.887,+0.991
1509759300,+3.47,+18.322, +8.937,+0.993
1509760200,+3.48,+18.221, +8.953,+0.993
1509761100,+3.47,+17.782, +8.955,+0.990
1509762000,+3.47,+17.554, +9.023,+0.992
1509762900,+3.47,+17.292, +9.060,+0.991
1509763800,+3.47,+17.038, +9.093,+0.991
1509764700,+3.47,+16.716, +9.165,+0.993
1509765600,+3.47,+16.580, +9.165,+0.992
1509766500,+3.47,+16.044, +9.267,+0.993
1509767400,+3.47,+15.839, +9.306,+0.993
1509768300,+3.47,+15.882, +9.286,+0.992
1509769200,+3.47,+15.462, +9.361,+0.992
1509770100,+3.47,+15.265, +9.404,+0.993
1509771000,+3.47,+15.231, +9.416,+0.992
1509771900,+3.47,+14.913, +9.461,+0.991
1509772800,+3.47,+14.732, +9.521,+0.992
1509773700,+3.47,+14.369, +9.561,+0.992
1509774600,+3.47,+14.083, +9.624,+0.992
1509775500,+3.47,+14.308, +9.609,+0.993
1509776400,+3.47,+13.892, +9.673,+0.992
1509777300,+3.47,+13.665, +9.726,+0.992
1509778200,+3.47,+13.578, +9.769,+0.993
1509779100,+3.47,+13.604, +9.772,+0.993
1509780000,+3.47,+13.570, +9.762,+0.992
1509780900,+3.47,+13.613, +9.783,+0.993
1509781800,+3.47,+13.657, +9.787,+0.993
1509782700,+3.47,+13.412, +9.814,+0.992
1509783600,+3.47,+13.325, +9.837,+0.992
1509784500,+3.46,+13.430, +9.819,+0.992
1509785400,+3.46,+13.421, +9.853,+0.993
1509786300,+3.46,+13.421, +9.849,+0.992
1509787200,+3.46,+13.430, +9.850,+0.993
1509788100,+3.46,+13.526, +9.857,+0.993
1509789000,+3.46,+13.342, +9.875,+0.992
1509789900,+3.46,+13.272, +9.891,+0.993
1509790800,+3.46,+13.255, +9.896,+0.993
1509791700,+3.46,+13.604, +9.864,+0.994
1509792600,+3.46,+14.170, +9.771,+0.993
1509793500,+3.46,+14.317, +9.746,+0.993
1509794400,+3.46,+14.196, +9.739,+0.991
1509795300,+3.46,+14.421, +9.744,+0.993
1509796200,+3.46,+14.576, +9.721,+0.993
1509797100,+3.46,+14.809, +9.673,+0.992
1509798000,+3.46,+14.930, +9.647,+0.992
1509798900,+3.46,+14.602, +9.671,+0.991
1509799800,+3.46,+14.066, +9.765,+0.992
1509800700,+3.46,+13.735, +9.817,+0.992
1509801600,+3.46,+13.097, +9.916,+0.991
1509802500,+3.46,+12.569,+10.022,+0.992
1509803400,+3.46,+12.286,+10.080,+0.992
1509804300,+3.46,+12.002,+10.162,+0.993
1509805200,+3.46,+11.771,+10.206,+0.992
1509806100,+3.46,+11.726,+10.233,+0.993
1509807000,+3.46,+11.824,+10.210,+0.992
1509807900,+3.46,+11.869,+10.229,+0.993
1509808800,+3.46,+12.135,+10.183,+0.992
1509809700,+3.46,+12.604,+10.117,+0.994
1509810600,+3.46,+13.097,+10.030,+0.993
1509811500,+3.46,+13.892, +9.879,+0.993
1509812400,+3.46,+14.706, +9.731,+0.992
1509813300,+3.46,+15.351, +9.602,+0.992
1509814200,+3.46,+16.623, +9.417,+0.993
1509815100,+3.46,+16.911, +9.347,+0.992
1509816000,+3.46,+17.191, +9.286,+0.992
1509816900,+3.46,+17.554, +9.242,+0.993
1509817800,+3.46,+17.926, +9.145,+0.990
1509818700,+3.46,+18.523, +9.099,+0.992
1509819600,+3.46,+18.885, +9.038,+0.993
1509820500,+3.46,+19.195, +8.970,+0.991
1509821400,+3.46,+19.388, +8.944,+0.992
1509822300,+3.46,+19.564, +8.907,+0.992
1509823200,+3.46,+19.723, +8.880,+0.992
1509824100,+3.46,+19.882, +8.873,+0.993
1509825000,+3.46,+19.907, +8.859,+0.992
1509825900,+3.46,+19.991, +8.842,+0.991
1509826800,+3.47,+20.384, +8.781,+0.992
1509827700,+3.47,+20.769, +8.754,+0.993
1509828600,+3.47,+20.786, +8.715,+0.990
1509829500,+3.47,+20.836, +8.708,+0.991
1509830400,+3.47,+20.995, +8.690,+0.991
1509831300,+3.47,+20.936, +8.720,+0.991
1509832200,+3.47,+20.510, +8.770,+0.991
