7392-321202
OS REV: 1.11 Sensor Cal: 1479403199
Time (sec),  BV (Volts),  T (deg C),  DO (mg/l),  Q ()
1521056640,+3.36,+18.616, +9.847,+0.963
1521057540,+3.37,+18.666, +9.932,+0.964
1521058440,+3.37,+18.960, +9.947,+0.963
1521059340,+3.38,+19.204,+10.054,+0.966
1521060240,+3.39,+19.371,+10.065,+0.966
1521061140,+3.39,+19.539,+10.081,+0.964
1521062040,+3.40,+19.706,+10.147,+0.964
1521062940,+3.40,+19.799,+10.226,+0.964
1521063840,+3.40,+19.857,+10.335,+0.964
1521064740,+3.41,+19.857,+10.459,+0.965
1521065640,+3.41,+19.799,+10.615,+0.965
1521066540,+3.41,+19.765,+10.791,+0.966
1521067440,+3.42,+19.757,+10.972,+0.966
1521068340,+3.42,+19.765,+11.091,+0.964
1521069240,+3.42,+19.832,+11.262,+0.965
1521070140,+3.42,+19.866,+11.377,+0.964
1521071040,+3.42,+19.907,+11.610,+0.967
1521071940,+3.42,+19.991,+11.684,+0.964
1521072840,+3.43,+20.033,+11.835,+0.964
1521073740,+3.43,+20.083,+11.947,+0.964
1521074640,+3.43,+20.016,+12.133,+0.966
1521075540,+3.43,+20.075,+12.194,+0.966
1521076440,+3.43,+20.083,+12.251,+0.964
1521077340,+3.43,+20.108,+12.374,+0.965
1521078240,+3.44,+20.133,+12.438,+0.965
1521079140,+3.44,+20.142,+12.527,+0.966
1521080040,+3.44,+20.100,+12.635,+0.966
1521080940,+3.44,+20.083,+12.722,+0.967
1521081840,+3.44,+20.108,+12.756,+0.966
1521082740,+3.44,+20.142,+12.792,+0.965
1521083640,+3.44,+20.159,+12.842,+0.966
1521084540,+3.44,+20.200,+12.864,+0.966
1521085440,+3.44,+20.242,+12.897,+0.966
1521086340,+3.44,+20.234,+12.939,+0.966
1521087240,+3.44,+20.251,+12.975,+0.966
1521088140,+3.45,+20.251,+13.005,+0.965
1521089040,+3.45,+20.267,+13.082,+0.967
1521089940,+3.45,+20.234,+13.105,+0.965
1521090840,+3.45,+20.209,+13.129,+0.965
1521091740,+3.45,+20.184,+13.183,+0.965
1521092640,+3.45,+20.159,+13.227,+0.965
1521093540,+3.45,+20.159,+13.256,+0.966
1521094440,+3.45,+20.092,+13.299,+0.965
1521095340,+3.45,+20.133,+13.286,+0.965
1521096240,+3.45,+20.083,+13.359,+0.966
1521097140,+3.45,+20.025,+13.390,+0.966
1521098040,+3.45,+19.907,+13.420,+0.965
1521098940,+3.45,+19.891,+13.473,+0.966
1521099840,+3.45,+19.832,+13.502,+0.966
1521100740,+3.45,+19.882,+13.478,+0.966
1521101640,+3.45,+19.882,+13.510,+0.966
1521102540,+3.45,+19.866,+13.518,+0.966
1521103440,+3.45,+19.933,+13.540,+0.968
1521104340,+3.45,+19.974,+13.534,+0.968
1521105240,+3.45,+19.991,+13.542,+0.968
1521106140,+3.45,+19.983,+13.533,+0.966
1521107040,+3.45,+19.941,+13.549,+0.965
1521107940,+3.45,+19.832,+13.589,+0.965
1521108840,+3.45,+19.899,+13.629,+0.967
1521109740,+3.45,+19.941,+13.608,+0.967
1521110640,+3.45,+19.924,+13.667,+0.968
1521111540,+3.46,+19.874,+13.678,+0.967
1521112440,+3.46,+19.882,+13.671,+0.966
1521113340,+3.46,+19.815,+13.777,+0.970
1521114240,+3.45,+19.799,+13.684,+0.965
1521115140,+3.46,+19.656,+13.785,+0.967
1521116040,+3.46,+17.512,+14.279,+0.965
1521116940,+3.46,+18.271,+13.964,+0.967
1521117840,+3.46,+18.490,+13.844,+0.969
1521118740,+3.46,+19.355,+13.609,+0.969
1521119640,+3.46,+19.514,+13.621,+0.971
1521120540,+3.46,+19.296,+13.639,+0.968
1521121440,+3.46,+19.313,+13.653,+0.968
1521122340,+3.46,+19.388,+13.618,+0.967
1521123240,+3.46,+19.111,+13.685,+0.967
1521124140,+3.46,+18.658,+13.762,+0.966
1521125040,+3.46,+18.540,+13.842,+0.969
1521125940,+3.46,+18.549,+13.807,+0.970
1521126840,+3.46,+17.597,+13.993,+0.967
1521127740,+3.46,+17.681,+13.924,+0.967
1521128640,+3.45,+17.892,+13.804,+0.967
1521129540,+3.46,+18.254,+13.691,+0.967
1521130440,+3.46,+18.935,+13.513,+0.969
1521131340,+3.46,+18.960,+13.462,+0.967
1521132240,+3.46,+18.851,+13.545,+0.969
1521133140,+3.46,+18.633,+13.550,+0.966
1521134040,+3.46,+18.439,+13.637,+0.968
1521134940,+3.46,+18.027,+13.669,+0.965
1521135840,+3.45,+17.858,+13.694,+0.967
1521136740,+3.46,+17.774,+13.668,+0.965
1521137640,+3.46,+17.824,+13.609,+0.965
1521138540,+3.46,+18.355,+13.466,+0.968
1521139440,+3.46,+18.490,+13.375,+0.966
1521140340,+3.46,+18.170,+13.423,+0.964
1521141240,+3.46,+18.069,+13.452,+0.966
1521142140,+3.46,+17.732,+13.499,+0.965
1521143040,+3.46,+18.271,+13.295,+0.965
