7392-321202
OS REV: 1.11 Sensor Cal: 1479403199
Time (sec),  BV (Volts),  T (deg C),  DO (mg/l),  Q ()
1520538960,+3.46,+16.052,+13.457,+0.965
1520539860,+3.46,+16.129,+13.464,+0.965
1520540760,+3.46,+16.138,+13.413,+0.963
1520541660,+3.46,+16.180,+13.427,+0.964
1520542560,+3.46,+16.291,+13.432,+0.964
1520543460,+3.46,+16.299,+13.466,+0.966
1520544360,+3.46,+16.589,+13.417,+0.965
1520545260,+3.46,+16.750,+13.382,+0.964
1520546160,+3.46,+16.869,+13.382,+0.964
1520547060,+3.46,+17.038,+13.414,+0.965
1520547960,+3.46,+17.115,+13.468,+0.965
1520548860,+3.46,+17.267,+13.446,+0.964
1520549760,+3.46,+17.470,+13.491,+0.966
1520550660,+3.46,+17.529,+13.504,+0.965
1520551560,+3.46,+17.580,+13.535,+0.965
1520552460,+3.46,+17.554,+13.586,+0.965
1520553360,+3.46,+17.580,+13.627,+0.966
1520554260,+3.46,+17.723,+13.649,+0.967
1520555160,+3.46,+17.723,+13.640,+0.964
1520556060,+3.46,+17.664,+13.696,+0.965
1520556960,+3.46,+17.673,+13.731,+0.966
1520557860,+3.46,+17.656,+13.727,+0.965
1520558760,+3.46,+17.613,+13.784,+0.965
1520559660,+3.46,+17.639,+13.822,+0.966
1520560560,+3.46,+17.749,+13.806,+0.965
1520561460,+3.46,+17.909,+13.787,+0.965
1520562360,+3.46,+18.061,+13.755,+0.964
1520563260,+3.46,+18.162,+13.815,+0.966
1520564160,+3.46,+18.187,+13.863,+0.964
1520565060,+3.46,+18.237,+13.866,+0.964
1520565960,+3.46,+18.145,+13.966,+0.965
1520566860,+3.46,+18.212,+14.020,+0.966
1520567760,+3.46,+18.246,+14.069,+0.965
1520568660,+3.46,+17.968,+14.175,+0.965
1520569560,+3.46,+17.875,+14.216,+0.965
1520570460,+3.46,+17.461,+14.349,+0.966
1520571360,+3.46,+17.318,+14.398,+0.965
1520572260,+3.46,+17.453,+14.324,+0.963
1520573160,+3.46,+17.419,+14.390,+0.966
1520574060,+3.46,+17.512,+14.360,+0.966
1520574960,+3.46,+17.563,+14.314,+0.965
1520575860,+3.46,+17.605,+14.284,+0.964
1520576760,+3.47,+17.504,+14.308,+0.963
1520577660,+3.47,+17.571,+14.318,+0.963
1520578560,+3.46,+17.436,+14.383,+0.963
1520579460,+3.46,+17.428,+14.418,+0.964
1520580360,+3.46,+17.529,+14.432,+0.966
1520581260,+3.46,+17.554,+14.418,+0.964
1520582160,+3.46,+17.554,+14.478,+0.965
1520583060,+3.47,+17.453,+14.481,+0.963
1520583960,+3.47,+17.377,+14.530,+0.964
1520584860,+3.46,+17.326,+14.593,+0.966
1520585760,+3.47,+17.216,+14.620,+0.964
1520586660,+3.47,+17.318,+14.631,+0.965
1520587560,+3.47,+17.275,+14.654,+0.964
1520588460,+3.47,+17.148,+14.696,+0.963
1520589360,+3.47,+17.072,+14.785,+0.965
1520590260,+3.47,+16.987,+14.833,+0.966
1520591160,+3.47,+16.750,+14.896,+0.964
1520592060,+3.46,+16.742,+14.908,+0.964
1520592960,+3.46,+16.725,+14.905,+0.964
1520593860,+3.46,+16.767,+14.927,+0.965
1520594760,+3.47,+16.962,+14.863,+0.964
1520595660,+3.47,+16.903,+14.938,+0.967
1520596560,+3.47,+16.894,+14.893,+0.964
1520597460,+3.46,+16.614,+14.977,+0.965
1520598360,+3.46,+16.631,+14.984,+0.965
1520599260,+3.46,+16.733,+14.970,+0.966
1520600160,+3.46,+16.657,+14.951,+0.964
1520601060,+3.46,+16.657,+14.935,+0.965
1520601960,+3.46,+16.589,+14.976,+0.967
1520602860,+3.46,+16.504,+15.028,+0.968
1520603760,+3.47,+16.478,+14.944,+0.965
1520604660,+3.46,+16.402,+14.974,+0.966
1520605560,+3.47,+16.359,+14.921,+0.965
1520606460,+3.47,+16.334,+14.890,+0.964
1520607360,+3.47,+16.282,+14.840,+0.963
1520608260,+3.46,+16.257,+14.872,+0.964
1520609160,+3.47,+16.265,+14.897,+0.967
1520610060,+3.46,+16.206,+14.839,+0.965
1520610960,+3.46,+16.163,+14.855,+0.966
1520611860,+3.46,+16.129,+14.851,+0.966
1520612760,+3.46,+16.121,+14.843,+0.966
1520613660,+3.46,+16.112,+14.771,+0.964
1520614560,+3.46,+16.138,+14.797,+0.966
1520615460,+3.46,+16.248,+14.723,+0.965
1520616360,+3.46,+16.214,+14.704,+0.964
1520617260,+3.46,+16.274,+14.671,+0.965
1520618160,+3.46,+16.674,+14.525,+0.965
1520619060,+3.47,+16.954,+14.416,+0.965
1520619960,+3.47,+17.013,+14.372,+0.964
1520620860,+3.47,+17.047,+14.365,+0.966
1520621760,+3.46,+17.132,+14.287,+0.964
1520622660,+3.47,+17.004,+14.256,+0.962
1520623560,+3.46,+17.816,+14.004,+0.964
1520624460,+3.47,+17.884,+14.021,+0.965
1520625360,+3.47,+18.069,+13.954,+0.964
