7392-321202
OS REV: 1.11 Sensor Cal: 1479403199
Time (sec),  BV (Volts),  T (deg C),  DO (mg/l),  Q ()
1519927860,+3.42,+19.430, +9.078,+0.964
1519928760,+3.42,+15.033,+10.527,+0.956
1519929660,+3.42,+13.255,+11.000,+0.962
1519930560,+3.43,+12.930,+11.058,+0.963
1519931460,+3.43,+13.009,+11.006,+0.963
1519932360,+3.43,+13.115,+10.966,+0.963
1519933260,+3.43,+13.325,+10.941,+0.965
1519934160,+3.43,+13.334,+10.952,+0.965
1519935060,+3.43,+13.447,+10.926,+0.966
1519935960,+3.43,+13.587,+10.862,+0.964
1519936860,+3.43,+13.700,+10.862,+0.965
1519937760,+3.43,+13.840,+10.813,+0.964
1519938660,+3.43,+13.927,+10.804,+0.965
1519939560,+3.43,+13.909,+10.783,+0.963
1519940460,+3.43,+14.031,+10.787,+0.965
1519941360,+3.43,+14.040,+10.761,+0.964
1519942260,+3.43,+14.256,+10.693,+0.964
1519943160,+3.43,+14.048,+10.739,+0.964
1519944060,+3.44,+13.987,+10.769,+0.964
1519944960,+3.44,+14.100,+10.738,+0.964
1519945860,+3.43,+14.334,+10.703,+0.965
1519946760,+3.44,+14.378,+10.696,+0.965
1519947660,+3.44,+14.343,+10.706,+0.964
1519948560,+3.44,+14.386,+10.676,+0.963
1519949460,+3.44,+14.447,+10.688,+0.964
1519950360,+3.44,+14.602,+10.667,+0.965
1519951260,+3.44,+14.637,+10.672,+0.966
1519952160,+3.44,+14.827,+10.637,+0.965
1519953060,+3.44,+14.999,+10.585,+0.964
1519953960,+3.44,+14.568,+10.669,+0.962
1519954860,+3.44,+14.135,+10.818,+0.963
1519955760,+3.44,+14.187,+10.827,+0.963
1519956660,+3.44,+14.291,+10.853,+0.964
1519957560,+3.44,+14.308,+10.852,+0.963
1519958460,+3.44,+14.464,+10.843,+0.963
1519959360,+3.44,+14.404,+10.875,+0.963
1519960260,+3.44,+14.317,+10.942,+0.963
1519961160,+3.44,+14.100,+11.059,+0.964
1519962060,+3.44,+14.109,+11.120,+0.963
1519962960,+3.44,+14.291,+11.195,+0.964
1519963860,+3.44,+14.239,+11.358,+0.964
1519964760,+3.44,+14.525,+11.331,+0.964
1519965660,+3.44,+14.637,+11.326,+0.964
1519966560,+3.44,+14.784,+11.241,+0.964
1519967460,+3.44,+14.663,+11.236,+0.964
1519968360,+3.44,+14.499,+11.257,+0.963
1519969260,+3.44,+14.438,+11.331,+0.964
1519970160,+3.44,+14.438,+11.364,+0.964
1519971060,+3.44,+14.430,+11.404,+0.965
1519971960,+3.44,+14.464,+11.380,+0.964
1519972860,+3.44,+14.421,+11.354,+0.963
1519973760,+3.44,+14.412,+11.379,+0.964
1519974660,+3.45,+14.421,+11.372,+0.964
1519975560,+3.45,+14.455,+11.331,+0.963
1519976460,+3.44,+14.447,+11.342,+0.965
1519977360,+3.45,+14.438,+11.303,+0.965
1519978260,+3.45,+14.395,+11.257,+0.963
1519979160,+3.45,+14.378,+11.267,+0.965
1519980060,+3.45,+14.343,+11.229,+0.964
1519980960,+3.45,+14.360,+11.201,+0.965
1519981860,+3.44,+14.334,+11.200,+0.964
1519982760,+3.45,+14.291,+11.207,+0.965
1519983660,+3.45,+14.274,+11.199,+0.964
1519984560,+3.45,+14.265,+11.195,+0.965
1519985460,+3.45,+14.239,+11.210,+0.965
1519986360,+3.45,+14.230,+11.188,+0.964
1519987260,+3.45,+14.204,+11.182,+0.965
1519988160,+3.45,+14.196,+11.163,+0.965
1519989060,+3.45,+14.178,+11.147,+0.964
1519989960,+3.45,+14.135,+11.168,+0.964
1519990860,+3.45,+14.074,+11.161,+0.963
1519991760,+3.45,+14.083,+11.145,+0.963
1519992660,+3.45,+14.022,+11.202,+0.966
1519993560,+3.45,+14.031,+11.159,+0.965
1519994460,+3.45,+14.014,+11.157,+0.965
1519995360,+3.45,+13.996,+11.119,+0.964
1519996260,+3.45,+13.970,+11.112,+0.964
1519997160,+3.45,+13.927,+11.089,+0.964
1519998060,+3.45,+13.883,+11.082,+0.964
1519998960,+3.45,+13.796,+11.111,+0.965
1519999860,+3.45,+13.779,+11.060,+0.964
1520000760,+3.45,+13.665,+11.054,+0.964
1520001660,+3.45,+13.622,+11.005,+0.964
1520002560,+3.45,+13.674,+10.957,+0.964
1520003460,+3.45,+13.718,+10.914,+0.964
1520004360,+3.45,+13.665,+10.871,+0.964
1520005260,+3.45,+13.683,+10.847,+0.965
1520006160,+3.45,+13.753,+10.792,+0.965
1520007060,+3.45,+13.726,+10.751,+0.964
1520007960,+3.45,+13.744,+10.710,+0.964
1520008860,+3.45,+13.779,+10.670,+0.964
1520009760,+3.45,+13.787,+10.604,+0.963
1520010660,+3.45,+13.822,+10.600,+0.965
1520011560,+3.45,+13.726,+10.564,+0.964
1520012460,+3.45,+13.761,+10.524,+0.964
1520013360,+3.45,+13.987,+10.432,+0.965
1520014260,+3.45,+14.204,+10.350,+0.965
