7392-321202
OS REV: 1.11 Sensor Cal: 1479403199
Time (sec),  BV (Volts),  T (deg C),  DO (mg/l),  Q ()
1508458440,+3.49,+23.971, +7.705,+0.992
1508459340,+3.49,+23.912, +8.781,+0.990
1508460240,+3.49,+23.870, +9.175,+0.990
1508461140,+3.49,+23.837, +9.100,+0.990
1508462040,+3.49,+23.703, +8.733,+0.992
1508462940,+3.50,+23.652, +8.672,+0.991
1508463840,+3.49,+23.585, +8.439,+0.993
1508464740,+3.49,+23.485, +8.179,+0.990
1508465640,+3.49,+23.393, +8.249,+0.991
1508466540,+3.49,+23.284, +8.242,+0.990
1508467440,+3.49,+23.184, +8.046,+0.991
1508468340,+3.49,+23.125, +7.740,+0.991
1508469240,+3.49,+23.067, +7.174,+0.993
1508470140,+3.49,+23.025, +6.214,+0.993
1508471040,+3.49,+22.966, +5.136,+0.993
1508471940,+3.49,+22.875, +4.459,+0.993
1508472840,+3.49,+22.783, +3.718,+0.992
1508473740,+3.49,+22.624, +3.044,+0.990
1508474640,+3.49,+22.473, +3.287,+0.989
1508475540,+3.49,+22.231, +3.985,+0.991
1508476440,+3.49,+22.039, +4.538,+0.992
1508477340,+3.49,+21.972, +5.068,+0.992
1508478240,+3.49,+22.031, +5.430,+0.991
1508479140,+3.49,+21.947, +5.287,+0.993
1508480040,+3.49,+21.880, +5.048,+0.992
1508480940,+3.49,+21.813, +4.872,+0.992
1508481840,+3.49,+21.755, +4.474,+0.991
1508482740,+3.49,+21.705, +3.705,+0.990
1508483640,+3.49,+21.613, +3.006,+0.988
1508484540,+3.49,+21.571, +2.750,+0.987
1508485440,+3.49,+21.471, +2.430,+0.984
1508486340,+3.49,+21.437, +2.141,+0.981
1508487240,+3.49,+21.337, +1.809,+0.978
1508488140,+3.49,+21.229, +1.544,+0.974
1508489040,+3.49,+21.170, +1.470,+0.974
1508489940,+3.49,+21.053, +1.342,+0.972
1508490840,+3.49,+21.020, +1.244,+0.971
1508491740,+3.49,+20.919, +1.089,+0.970
1508492640,+3.49,+20.869, +1.048,+0.970
1508493540,+3.49,+20.811, +0.902,+0.969
1508494440,+3.49,+20.752, +1.026,+0.971
1508495340,+3.49,+20.702, +1.248,+0.973
1508496240,+3.49,+20.627, +1.457,+0.978
1508497140,+3.49,+20.543, +1.769,+0.982
1508498040,+3.49,+20.527, +1.900,+0.984
1508498940,+3.49,+20.451, +2.014,+0.986
1508499840,+3.49,+20.393, +2.051,+0.988
1508500740,+3.49,+20.343, +1.880,+0.987
1508501640,+3.49,+20.309, +1.570,+0.983
1508502540,+3.49,+20.225, +1.466,+0.982
1508503440,+3.49,+20.184, +1.394,+0.980
1508504340,+3.49,+20.092, +1.289,+0.980
1508505240,+3.49,+20.050, +1.067,+0.976
1508506140,+3.49,+20.033, +0.811,+0.973
1508507040,+3.49,+20.000, +0.663,+0.972
1508507940,+3.49,+19.899, +0.551,+0.972
1508508840,+3.49,+19.857, +0.556,+0.972
1508509740,+3.49,+19.799, +0.636,+0.972
1508510640,+3.49,+19.740, +0.733,+0.973
1508511540,+3.49,+19.690, +0.744,+0.973
1508512440,+3.49,+19.656, +0.699,+0.973
1508513340,+3.49,+19.623, +0.619,+0.972
1508514240,+3.49,+19.556, +0.620,+0.972
1508515140,+3.49,+19.514, +0.661,+0.972
1508516040,+3.48,+19.489, +0.692,+0.973
1508516940,+3.49,+19.464, +0.671,+0.973
1508517840,+3.48,+19.422, +0.673,+0.973
1508518740,+3.49,+19.438, +0.620,+0.973
1508519640,+3.49,+19.472, +0.600,+0.973
1508520540,+3.48,+19.489, +0.595,+0.974
1508521440,+3.49,+19.564, +0.512,+0.973
1508522340,+3.48,+19.614, +0.476,+0.972
1508523240,+3.48,+19.631, +0.456,+0.972
1508524140,+3.48,+19.715, +0.506,+0.973
1508525040,+3.48,+19.815, +0.612,+0.973
1508525940,+3.48,+19.907, +0.749,+0.974
1508526840,+3.48,+20.108, +0.925,+0.976
1508527740,+3.48,+20.200, +2.741,+0.984
1508528640,+3.48,+20.418, +4.500,+0.990
1508529540,+3.48,+20.619, +5.272,+0.990
1508530440,+3.48,+20.802, +5.683,+0.990
1508531340,+3.48,+20.953, +5.828,+0.989
1508532240,+3.48,+21.128, +5.916,+0.990
1508533140,+3.49,+21.270, +6.087,+0.990
1508534040,+3.48,+21.346, +6.499,+0.990
1508534940,+3.49,+21.412, +6.725,+0.988
1508535840,+3.48,+21.613, +6.687,+0.990
1508536740,+3.48,+21.671, +6.637,+0.990
1508537640,+3.48,+21.780, +6.653,+0.990
1508538540,+3.48,+21.822, +6.649,+0.990
1508539440,+3.48,+22.014, +7.023,+0.990
1508540340,+3.48,+22.089, +7.113,+0.990
1508541240,+3.48,+22.114, +7.469,+0.990
1508542140,+3.48,+21.955, +7.892,+0.988
1508543040,+3.48,+21.964, +8.077,+0.991
1508543940,+3.49,+21.955, +8.042,+0.990
1508544840,+3.48,+21.889, +7.973,+0.991
