7392-321202
OS REV: 1.11 Sensor Cal: 1479403199
Time (sec),  BV (Volts),  T (deg C),  DO (mg/l),  Q ()
1517099340,+3.45,+13.866,+19.025,+0.979
1517100240,+3.45,+14.248,+19.621,+0.980
1517101140,+3.44,+14.161,+19.178,+0.977
1517102040,+3.45,+14.256,+19.035,+0.980
1517102940,+3.45,+14.300,+19.403,+0.979
1517103840,+3.45,+14.291,+18.790,+0.980
1517104740,+3.45,+14.230,+18.439,+0.977
1517105640,+3.45,+14.239,+18.212,+0.980
1517106540,+3.45,+14.109,+18.982,+0.978
1517107440,+3.45,+14.040,+18.936,+0.979
1517108340,+3.45,+14.005,+18.700,+0.977
1517109240,+3.45,+13.935,+18.587,+0.979
1517110140,+3.45,+13.866,+18.445,+0.977
1517111040,+3.45,+13.831,+18.172,+0.979
1517111940,+3.45,+13.805,+17.541,+0.977
1517112840,+3.45,+13.779,+17.594,+0.978
1517113740,+3.45,+13.744,+17.349,+0.977
1517114640,+3.45,+13.753,+16.911,+0.978
1517115540,+3.45,+13.822,+17.207,+0.977
1517116440,+3.45,+13.909,+17.072,+0.977
1517117340,+3.45,+13.935,+17.540,+0.979
1517118240,+3.45,+13.935,+17.408,+0.978
1517119140,+3.45,+13.901,+18.412,+0.979
1517120040,+3.45,+13.822,+18.254,+0.978
1517120940,+3.45,+13.787,+17.618,+0.976
1517121840,+3.45,+13.744,+17.108,+0.979
1517122740,+3.45,+13.709,+17.406,+0.977
1517123640,+3.45,+13.665,+15.162,+0.974
1517124540,+3.45,+13.657,+14.012,+0.974
1517125440,+3.45,+13.570,+16.231,+0.977
1517126340,+3.45,+13.578,+15.134,+0.976
1517127240,+3.45,+13.526,+14.335,+0.976
1517128140,+3.45,+13.543,+13.951,+0.976
1517129040,+3.45,+13.500,+14.409,+0.977
1517129940,+3.45,+13.421,+14.689,+0.976
1517130840,+3.45,+13.421,+14.726,+0.975
1517131740,+3.45,+13.404,+15.067,+0.977
1517132640,+3.45,+13.386,+14.573,+0.976
1517133540,+3.45,+13.360,+14.580,+0.976
1517134440,+3.45,+13.281,+14.533,+0.977
1517135340,+3.45,+13.141,+16.724,+0.976
1517136240,+3.45,+13.220,+15.860,+0.977
1517137140,+3.45,+13.062,+16.740,+0.977
1517138040,+3.45,+13.080,+16.273,+0.979
1517138940,+3.45,+12.983,+16.222,+0.977
1517139840,+3.45,+12.877,+17.014,+0.979
1517140740,+3.45,+12.569,+20.176,+0.977
1517141640,+3.45,+12.648,+20.174,+0.979
1517142540,+3.45,+12.613,+20.348,+0.979
1517143440,+3.45,+12.657,+19.357,+0.979
1517144340,+3.45,+12.648,+18.576,+0.980
1517145240,+3.45,+12.507,+19.401,+0.979
1517146140,+3.45,+12.437,+19.172,+0.978
1517147040,+3.45,+12.260,+20.044,+0.979
1517147940,+3.45,+12.197,+19.775,+0.978
1517148840,+3.44,+12.180,+19.793,+0.978
1517149740,+3.45,+12.242,+19.271,+0.980
1517150640,+3.45,+12.277,+18.572,+0.978
1517151540,+3.45,+12.171,+17.977,+0.979
1517152440,+3.44,+12.055,+18.101,+0.978
1517153340,+3.45,+11.931,+18.732,+0.977
1517154240,+3.45,+11.788,+18.737,+0.979
1517155140,+3.45,+11.762,+18.457,+0.977
1517156040,+3.44,+11.806,+18.459,+0.978
1517156940,+3.45,+11.717,+18.674,+0.980
1517157840,+3.44,+11.762,+18.260,+0.978
1517158740,+3.45,+11.601,+18.155,+0.977
1517159640,+3.45,+11.556,+18.233,+0.977
1517160540,+3.44,+11.521,+17.800,+0.978
1517161440,+3.44,+11.628,+17.579,+0.976
1517162340,+3.44,+11.806,+17.952,+0.979
1517163240,+3.44,+11.993,+17.718,+0.978
1517164140,+3.44,+12.100,+17.904,+0.977
1517165040,+3.45,+12.251,+17.848,+0.977
1517165940,+3.44,+12.534,+17.909,+0.979
1517166840,+3.44,+12.737,+17.779,+0.979
1517167740,+3.44,+12.948,+17.794,+0.977
1517168640,+3.44,+13.097,+18.301,+0.978
1517169540,+3.44,+13.290,+18.245,+0.978
1517170440,+3.44,+13.386,+18.098,+0.977
1517171340,+3.44,+13.517,+18.196,+0.976
1517172240,+3.45,+13.044,+18.120,+0.976
1517173140,+3.44,+13.395,+17.633,+0.978
1517174040,+3.45,+13.272,+18.247,+0.977
1517174940,+3.45,+13.141,+17.670,+0.976
1517175840,+3.45,+13.883,+18.090,+0.976
1517176740,+3.45,+13.622,+18.569,+0.974
1517177640,+3.45,+13.132,+18.389,+0.976
1517178540,+3.45,+13.395,+17.734,+0.973
1517179440,+3.45,+14.464,+17.955,+0.978
1517180340,+3.45,+14.947,+18.103,+0.979
1517181240,+3.45,+15.068,+18.230,+0.978
1517182140,+3.45,+15.042,+18.228,+0.977
1517183040,+3.45,+15.128,+18.397,+0.978
1517183940,+3.45,+15.171,+18.566,+0.979
1517184840,+3.45,+15.197,+18.722,+0.979
1517185740,+3.45,+15.179,+18.424,+0.976
