7392-321202
OS REV: 1.11 Sensor Cal: 1479403199
Time (sec),  BV (Volts),  T (deg C),  DO (mg/l),  Q ()
1526758080,+3.46,+22.148, +8.766,+0.983
1526758980,+3.47,+21.396, +8.860,+0.982
1526759880,+3.47,+22.599, +9.113,+0.986
1526760780,+3.47,+23.217, +9.077,+0.986
1526761680,+3.47,+23.460, +9.079,+0.986
1526762580,+3.47,+23.577, +9.097,+0.986
1526763480,+3.47,+23.703, +9.114,+0.986
1526764380,+3.47,+23.837, +9.101,+0.985
1526765280,+3.47,+23.954, +9.151,+0.986
1526766180,+3.47,+24.071, +9.216,+0.987
1526767080,+3.47,+24.214, +9.215,+0.985
1526767980,+3.47,+24.339, +9.289,+0.988
1526768880,+3.48,+24.532, +9.264,+0.987
1526769780,+3.48,+24.666, +9.279,+0.986
1526770680,+3.47,+24.817, +9.329,+0.987
1526771580,+3.48,+24.910, +9.391,+0.988
1526772480,+3.47,+24.960, +9.396,+0.984
1526773380,+3.48,+25.002, +9.524,+0.986
1526774280,+3.48,+25.061, +9.567,+0.986
1526775180,+3.48,+25.044, +9.644,+0.986
1526776080,+3.48,+25.061, +9.715,+0.985
1526776980,+3.48,+25.036, +9.820,+0.986
1526777880,+3.48,+25.044, +9.895,+0.985
1526778780,+3.48,+25.002,+10.007,+0.986
1526779680,+3.48,+24.969,+10.128,+0.988
1526780580,+3.48,+24.876,+10.229,+0.988
1526781480,+3.48,+24.767,+10.296,+0.986
1526782380,+3.48,+24.733,+10.366,+0.986
1526783280,+3.48,+24.708,+10.366,+0.982
1526784180,+3.48,+24.624,+10.472,+0.984
1526785080,+3.48,+24.574,+10.595,+0.988
1526785980,+3.48,+24.515,+10.652,+0.985
1526786880,+3.48,+24.440,+10.745,+0.986
1526787780,+3.49,+24.390,+10.776,+0.985
1526788680,+3.48,+24.322,+10.828,+0.985
1526789580,+3.48,+24.281,+10.861,+0.984
1526790480,+3.48,+24.197,+10.960,+0.986
1526791380,+3.48,+24.138,+11.001,+0.987
1526792280,+3.48,+24.054,+11.031,+0.985
1526793180,+3.48,+24.012,+11.071,+0.985
1526794080,+3.48,+23.945,+11.149,+0.986
1526794980,+3.48,+23.870,+11.206,+0.986
1526795880,+3.48,+23.811,+11.259,+0.985
1526796780,+3.48,+23.744,+11.344,+0.986
1526797680,+3.48,+23.711,+11.374,+0.984
1526798580,+3.48,+23.644,+11.456,+0.986
1526799480,+3.48,+23.577,+11.480,+0.984
1526800380,+3.49,+23.435,+11.546,+0.985
1526801280,+3.48,+23.376,+11.587,+0.985
1526802180,+3.48,+23.301,+11.675,+0.988
1526803080,+3.48,+23.268,+11.664,+0.985
1526803980,+3.48,+23.209,+11.716,+0.986
1526804880,+3.48,+23.159,+11.761,+0.987
1526805780,+3.48,+23.117,+11.737,+0.984
1526806680,+3.48,+23.033,+11.800,+0.985
1526807580,+3.48,+22.950,+11.843,+0.985
1526808480,+3.49,+22.866,+11.865,+0.985
1526809380,+3.49,+22.824,+11.900,+0.987
1526810280,+3.49,+22.724,+11.910,+0.985
1526811180,+3.48,+22.607,+11.939,+0.985
1526812080,+3.49,+22.557,+11.989,+0.987
1526812980,+3.49,+22.532,+11.934,+0.985
1526813880,+3.49,+22.482,+11.928,+0.985
1526814780,+3.49,+22.415,+11.927,+0.984
1526815680,+3.49,+22.373,+11.932,+0.984
1526816580,+3.49,+22.290,+11.934,+0.985
1526817480,+3.49,+22.256,+11.949,+0.986
1526818380,+3.49,+22.206,+11.919,+0.985
1526819280,+3.48,+22.173,+11.902,+0.985
1526820180,+3.48,+22.156,+11.899,+0.984
1526821080,+3.48,+22.106,+11.907,+0.986
1526821980,+3.48,+22.031,+11.881,+0.984
1526822880,+3.49,+21.955,+11.870,+0.983
1526823780,+3.48,+21.955,+11.854,+0.984
1526824680,+3.48,+21.980,+11.856,+0.985
1526825580,+3.48,+21.972,+11.846,+0.986
1526826480,+3.48,+21.914,+11.780,+0.983
1526827380,+3.48,+21.855,+11.810,+0.984
1526828280,+3.49,+21.797,+11.773,+0.983
1526829180,+3.48,+21.788,+11.763,+0.984
1526830080,+3.48,+21.671,+11.778,+0.984
1526830980,+3.48,+21.621,+11.757,+0.984
1526831880,+3.49,+21.646,+11.763,+0.987
1526832780,+3.48,+21.747,+11.674,+0.984
1526833680,+3.48,+21.847,+11.628,+0.985
1526834580,+3.48,+21.897,+11.587,+0.985
1526835480,+3.48,+21.922,+11.570,+0.985
1526836380,+3.48,+21.989,+11.514,+0.984
1526837280,+3.48,+22.081,+11.484,+0.984
1526838180,+3.48,+22.148,+11.461,+0.985
1526839080,+3.49,+22.248,+11.438,+0.987
1526839980,+3.48,+22.340,+11.397,+0.985
1526840880,+3.49,+22.398,+11.374,+0.983
1526841780,+3.48,+22.507,+11.364,+0.984
1526842680,+3.48,+22.590,+11.375,+0.984
1526843580,+3.48,+22.732,+11.382,+0.985
1526844480,+3.48,+22.824,+11.383,+0.985
