7392-321202
OS REV: 1.11 Sensor Cal: 1479403199
Time (sec),  BV (Volts),  T (deg C),  DO (mg/l),  Q ()
1523740320,+3.47,+22.498, +9.307,+0.982
1523741220,+3.47,+22.875, +9.036,+0.982
1523742120,+3.47,+23.217, +8.983,+0.980
1523743020,+3.48,+23.351, +9.474,+0.983
1523743920,+3.48,+23.527, +9.436,+0.982
1523744820,+3.48,+23.761, +9.983,+0.982
1523745720,+3.48,+23.786, +9.228,+0.980
1523746620,+3.48,+23.887, +9.233,+0.981
1523747520,+3.48,+23.912, +9.344,+0.982
1523748420,+3.48,+23.912, +9.781,+0.981
1523749320,+3.48,+23.962, +8.526,+0.981
1523750220,+3.48,+24.079, +8.549,+0.982
1523751120,+3.48,+24.163, +7.872,+0.978
1523752020,+3.48,+24.079, +8.861,+0.982
1523752920,+3.48,+24.088, +8.823,+0.981
1523753820,+3.48,+23.937, +8.115,+0.983
1523754720,+3.48,+23.904, +8.132,+0.979
1523755620,+3.48,+23.728, +8.124,+0.981
1523756520,+3.48,+23.761, +8.016,+0.981
1523757420,+3.48,+23.569, +7.331,+0.982
1523758320,+3.48,+23.418, +8.508,+0.980
1523759220,+3.48,+22.833, +9.167,+0.979
1523760120,+3.48,+22.741,+10.535,+0.979
1523761020,+3.48,+22.273,+10.797,+0.977
1523761920,+3.48,+22.482,+10.819,+0.979
1523762820,+3.48,+21.997, +9.002,+0.979
1523763720,+3.48,+21.630, +8.228,+0.978
1523764620,+3.48,+21.488, +7.446,+0.979
1523765520,+3.48,+20.986, +6.594,+0.979
1523766420,+3.48,+20.986, +5.544,+0.980
1523767320,+3.48,+20.794, +5.486,+0.980
1523768220,+3.48,+20.819, +7.319,+0.979
1523769120,+3.48,+20.944, +7.710,+0.978
1523770020,+3.48,+21.178, +7.827,+0.979
1523770920,+3.48,+21.337, +8.136,+0.981
1523771820,+3.48,+21.128, +8.672,+0.979
1523772720,+3.48,+20.752, +7.573,+0.978
1523773620,+3.49,+20.401, +6.053,+0.981
1523774520,+3.49,+20.192, +5.108,+0.982
1523775420,+3.49,+20.401, +4.649,+0.983
1523776320,+3.49,+20.418, +4.953,+0.983
1523777220,+3.48,+20.610, +6.949,+0.981
1523778120,+3.48,+20.660, +7.481,+0.980
1523779020,+3.49,+20.727, +6.429,+0.981
1523779920,+3.48,+20.878, +5.667,+0.982
1523780820,+3.48,+20.911, +5.719,+0.981
1523781720,+3.48,+20.936, +5.273,+0.982
1523782620,+3.48,+20.919, +5.331,+0.981
1523783520,+3.48,+20.869, +5.605,+0.982
1523784420,+3.48,+20.786, +6.382,+0.982
1523785320,+3.48,+20.786, +5.175,+0.982
1523786220,+3.48,+20.869, +4.340,+0.984
1523787120,+3.48,+20.911, +5.887,+0.980
1523788020,+3.48,+20.836, +5.568,+0.983
1523788920,+3.48,+20.836, +4.125,+0.984
1523789820,+3.49,+20.794, +3.663,+0.985
1523790720,+3.48,+20.844, +3.369,+0.982
1523791620,+3.48,+20.752, +3.705,+0.984
1523792520,+3.48,+20.602, +3.849,+0.985
1523793420,+3.48,+20.593, +3.582,+0.985
1523794320,+3.48,+20.577, +3.717,+0.985
1523795220,+3.48,+20.535, +3.150,+0.985
1523796120,+3.48,+20.351, +4.013,+0.984
1523797020,+3.48,+20.234, +3.562,+0.986
1523797920,+3.48,+20.159, +3.372,+0.985
1523798820,+3.48,+20.075, +3.728,+0.985
1523799720,+3.48,+20.108, +3.266,+0.985
1523800620,+3.49,+20.108, +3.412,+0.985
1523801520,+3.48,+20.142, +2.974,+0.986
1523802420,+3.48,+19.899, +2.766,+0.986
1523803320,+3.48,+19.732, +3.384,+0.985
1523804220,+3.48,+19.606, +3.073,+0.986
1523805120,+3.48,+19.723, +3.556,+0.986
1523806020,+3.48,+19.866, +2.822,+0.986
1523806920,+3.48,+20.175, +3.856,+0.985
1523807820,+3.48,+20.217, +5.433,+0.981
1523808720,+3.48,+20.292, +5.503,+0.983
1523809620,+3.48,+20.468, +5.275,+0.984
1523810520,+3.48,+20.593, +4.773,+0.983
1523811420,+3.48,+20.736, +5.907,+0.983
1523812320,+3.48,+20.518, +6.398,+0.983
1523813220,+3.48,+20.343, +5.672,+0.982
1523814120,+3.48,+20.217, +5.168,+0.984
1523815020,+3.48,+20.025, +5.625,+0.983
1523815920,+3.48,+20.033, +5.752,+0.983
1523816820,+3.48,+20.142, +6.942,+0.981
1523817720,+3.48,+20.552, +7.711,+0.981
1523818620,+3.48,+20.769, +7.869,+0.982
1523819520,+3.48,+20.894, +7.587,+0.982
1523820420,+3.48,+20.919, +7.520,+0.981
1523821320,+3.48,+21.020, +7.037,+0.983
1523822220,+3.48,+21.112, +6.654,+0.982
1523823120,+3.48,+21.304, +6.876,+0.981
1523824020,+3.48,+21.421, +7.028,+0.982
1523824920,+3.48,+21.471, +6.759,+0.981
1523825820,+3.48,+21.588, +7.385,+0.980
1523826720,+3.48,+21.688, +7.323,+0.981
