7392-321202
OS REV: 1.11 Sensor Cal: 1479403199
Time (sec),  BV (Volts),  T (deg C),  DO (mg/l),  Q ()
1524596640,+3.47,+19.547, +7.925,+0.982
1524597540,+3.47,+19.665, +7.881,+0.981
1524598440,+3.47,+19.840, +7.884,+0.981
1524599340,+3.47,+19.807, +7.929,+0.982
1524600240,+3.47,+19.874, +7.918,+0.981
1524601140,+3.47,+19.983, +7.926,+0.980
1524602040,+3.47,+20.108, +7.963,+0.981
1524602940,+3.47,+20.301, +7.973,+0.982
1524603840,+3.47,+20.510, +7.997,+0.982
1524604740,+3.47,+20.485, +8.045,+0.982
1524605640,+3.47,+20.468, +8.064,+0.981
1524606540,+3.47,+20.493, +8.067,+0.981
1524607440,+3.47,+20.543, +8.112,+0.982
1524608340,+3.47,+20.518, +8.160,+0.981
1524609240,+3.47,+20.568, +8.184,+0.980
1524610140,+3.47,+20.593, +8.247,+0.981
1524611040,+3.47,+20.568, +8.293,+0.981
1524611940,+3.47,+20.577, +8.317,+0.981
1524612840,+3.47,+20.660, +8.383,+0.980
1524613740,+3.47,+20.685, +8.464,+0.982
1524614640,+3.47,+20.660, +8.513,+0.981
1524615540,+3.47,+20.727, +8.540,+0.981
1524616440,+3.47,+20.794, +8.569,+0.982
1524617340,+3.47,+20.777, +8.587,+0.981
1524618240,+3.47,+20.777, +8.616,+0.980
1524619140,+3.47,+20.786, +8.722,+0.981
1524620040,+3.47,+20.777, +8.718,+0.980
1524620940,+3.47,+20.878, +8.697,+0.980
1524621840,+3.47,+20.844, +8.773,+0.983
1524622740,+3.47,+20.819, +8.780,+0.981
1524623640,+3.47,+20.744, +8.955,+0.982
1524624540,+3.47,+20.769, +8.905,+0.981
1524625440,+3.47,+20.719, +8.907,+0.982
1524626340,+3.47,+20.660, +8.880,+0.980
1524627240,+3.47,+20.593, +8.898,+0.982
1524628140,+3.47,+20.577, +8.903,+0.981
1524629040,+3.47,+20.518, +8.905,+0.982
1524629940,+3.47,+20.476, +8.873,+0.980
1524630840,+3.47,+20.418, +8.858,+0.981
1524631740,+3.47,+20.384, +8.841,+0.981
1524632640,+3.47,+20.359, +8.780,+0.981
1524633540,+3.47,+20.317, +8.797,+0.981
1524634440,+3.47,+20.284, +8.796,+0.982
1524635340,+3.47,+20.242, +8.780,+0.982
1524636240,+3.47,+20.184, +8.747,+0.981
1524637140,+3.47,+20.200, +8.755,+0.982
1524638040,+3.47,+20.192, +8.699,+0.980
1524638940,+3.47,+20.108, +8.722,+0.981
1524639840,+3.47,+20.075, +8.678,+0.981
1524640740,+3.47,+20.033, +8.699,+0.979
1524641640,+3.47,+20.000, +8.738,+0.981
1524642540,+3.47,+19.916, +8.759,+0.982
1524643440,+3.47,+19.799, +8.757,+0.981
1524644340,+3.47,+19.773, +8.719,+0.980
1524645240,+3.47,+19.765, +8.710,+0.982
1524646140,+3.47,+19.715, +8.668,+0.982
1524647040,+3.47,+19.698, +8.680,+0.981
1524647940,+3.47,+19.606, +8.695,+0.981
1524648840,+3.47,+19.581, +8.671,+0.980
1524649740,+3.47,+19.539, +8.633,+0.980
1524650640,+3.47,+19.497, +8.592,+0.980
1524651540,+3.47,+19.430, +8.587,+0.981
1524652440,+3.47,+19.313, +8.575,+0.980
1524653340,+3.47,+19.246, +8.574,+0.980
1524654240,+3.47,+19.229, +8.570,+0.981
1524655140,+3.47,+19.137, +8.548,+0.981
1524656040,+3.47,+19.078, +8.547,+0.981
1524656940,+3.47,+19.069, +8.541,+0.981
1524657840,+3.47,+18.994, +8.519,+0.981
1524658740,+3.47,+18.960, +8.498,+0.981
1524659640,+3.47,+18.935, +8.462,+0.981
1524660540,+3.47,+18.918, +8.405,+0.980
1524661440,+3.47,+18.851, +8.390,+0.980
1524662340,+3.47,+18.868, +8.334,+0.979
1524663240,+3.47,+18.868, +8.329,+0.980
1524664140,+3.47,+18.792, +8.348,+0.981
1524665040,+3.47,+18.792, +8.307,+0.981
1524665940,+3.47,+18.792, +8.241,+0.980
1524666840,+3.47,+18.725, +8.241,+0.980
1524667740,+3.47,+18.750, +8.219,+0.983
1524668640,+3.47,+18.742, +8.148,+0.981
1524669540,+3.47,+18.742, +8.124,+0.980
1524670440,+3.47,+18.708, +8.092,+0.980
1524671340,+3.47,+18.641, +8.034,+0.980
1524672240,+3.47,+18.675, +7.995,+0.980
1524673140,+3.47,+18.641, +8.001,+0.981
1524674040,+3.47,+18.633, +7.966,+0.981
1524674940,+3.47,+18.650, +7.936,+0.982
1524675840,+3.47,+18.658, +7.893,+0.981
1524676740,+3.47,+18.650, +7.819,+0.980
1524677640,+3.47,+18.624, +7.829,+0.981
1524678540,+3.47,+18.624, +7.804,+0.982
1524679440,+3.47,+18.616, +7.772,+0.982
1524680340,+3.47,+18.624, +7.762,+0.982
1524681240,+3.47,+19.019, +7.687,+0.982
1524682140,+3.47,+19.422, +7.762,+0.982
1524683040,+3.47,+19.740, +7.842,+0.982
