7392-321202
OS REV: 1.11 Sensor Cal: 1479403199
Time (sec),  BV (Volts),  T (deg C),  DO (mg/l),  Q ()
1525725420,+3.49,+23.376, +7.051,+0.980
1525726320,+3.49,+23.418, +6.964,+0.979
1525727220,+3.49,+23.502, +7.997,+0.971
1525728120,+3.49,+23.611, +7.824,+0.977
1525729020,+3.49,+23.703, +7.903,+0.978
1525729920,+3.49,+23.761, +8.029,+0.979
1525730820,+3.49,+23.870, +8.588,+0.976
1525731720,+3.49,+23.929, +8.680,+0.977
1525732620,+3.49,+23.962, +8.515,+0.980
1525733520,+3.49,+23.971, +8.743,+0.979
1525734420,+3.49,+23.996, +8.609,+0.979
1525735320,+3.49,+23.987, +9.096,+0.977
1525736220,+3.49,+23.987, +9.111,+0.979
1525737120,+3.49,+24.029, +9.164,+0.980
1525738020,+3.49,+24.038, +9.619,+0.977
1525738920,+3.49,+24.029, +9.667,+0.978
1525739820,+3.49,+24.021, +9.515,+0.979
1525740720,+3.49,+24.021, +9.782,+0.979
1525741620,+3.49,+24.071, +9.583,+0.980
1525742520,+3.49,+24.163, +9.980,+0.977
1525743420,+3.49,+24.188,+10.161,+0.978
1525744320,+3.49,+24.255, +9.936,+0.979
1525745220,+3.49,+24.188,+10.603,+0.975
1525746120,+3.49,+24.239,+10.552,+0.979
1525747020,+3.49,+24.205,+10.227,+0.981
1525747920,+3.49,+24.146,+10.367,+0.980
1525748820,+3.49,+24.155,+10.337,+0.982
1525749720,+3.49,+24.071,+10.401,+0.981
1525750620,+3.49,+23.979,+10.040,+0.982
1525751520,+3.49,+23.937, +9.669,+0.982
1525752420,+3.49,+23.878, +9.558,+0.982
1525753320,+3.49,+23.820, +9.435,+0.981
1525754220,+3.49,+23.778, +9.409,+0.981
1525755120,+3.49,+23.736, +9.337,+0.981
1525756020,+3.49,+23.703, +9.298,+0.982
1525756920,+3.49,+23.661, +9.108,+0.981
1525757820,+3.49,+23.585, +8.928,+0.979
1525758720,+3.49,+23.518, +9.041,+0.980
1525759620,+3.49,+23.477, +8.990,+0.982
1525760520,+3.49,+23.435, +8.900,+0.981
1525761420,+3.49,+23.385, +8.754,+0.980
1525762320,+3.49,+23.318, +8.587,+0.980
1525763220,+3.49,+23.284, +8.464,+0.977
1525764120,+3.49,+23.226, +8.387,+0.979
1525765020,+3.49,+23.192, +8.275,+0.979
1525765920,+3.49,+23.125, +8.185,+0.979
1525766820,+3.49,+23.075, +8.044,+0.978
1525767720,+3.49,+23.042, +7.977,+0.978
1525768620,+3.49,+22.925, +7.810,+0.977
1525769520,+3.49,+22.841, +7.738,+0.976
1525770420,+3.49,+22.808, +7.618,+0.976
1525771320,+3.49,+22.732, +7.486,+0.976
1525772220,+3.49,+22.649, +7.332,+0.975
1525773120,+3.49,+22.574, +7.338,+0.976
1525774020,+3.49,+22.515, +7.170,+0.974
1525774920,+3.49,+22.423, +8.586,+0.979
1525775820,+3.49,+22.356, +8.887,+0.979
1525776720,+3.49,+22.348, +8.579,+0.981
1525777620,+3.49,+22.273, +7.906,+0.980
1525778520,+3.49,+22.223, +8.214,+0.981
1525779420,+3.49,+22.148, +8.018,+0.980
1525780320,+3.49,+22.097, +8.108,+0.980
1525781220,+3.49,+22.039, +8.875,+0.979
1525782120,+3.49,+21.955, +8.612,+0.981
1525783020,+3.49,+21.922, +9.041,+0.981
1525783920,+3.49,+21.847, +8.655,+0.981
1525784820,+3.49,+21.797, +8.452,+0.980
1525785720,+3.49,+21.772, +8.059,+0.979
1525786620,+3.49,+21.730, +8.547,+0.981
1525787520,+3.49,+21.696, +8.325,+0.979
1525788420,+3.49,+21.638, +7.550,+0.976
1525789320,+3.49,+21.588, +7.807,+0.978
1525790220,+3.49,+21.571, +7.740,+0.978
1525791120,+3.49,+21.496, +7.720,+0.979
1525792020,+3.49,+21.479, +8.054,+0.979
1525792920,+3.49,+21.463, +8.143,+0.981
1525793820,+3.49,+21.446, +7.964,+0.982
1525794720,+3.49,+21.412, +7.920,+0.980
1525795620,+3.49,+21.421, +7.624,+0.978
1525796520,+3.49,+21.412, +7.524,+0.980
1525797420,+3.49,+21.446, +7.685,+0.980
1525798320,+3.49,+21.479, +7.162,+0.976
1525799220,+3.49,+21.437, +7.262,+0.979
1525800120,+3.49,+21.437, +7.280,+0.978
1525801020,+3.49,+21.479, +7.189,+0.979
1525801920,+3.49,+21.463, +6.901,+0.977
1525802820,+3.49,+21.488, +7.035,+0.979
1525803720,+3.49,+21.521, +7.052,+0.979
1525804620,+3.49,+21.596, +7.532,+0.982
1525805520,+3.49,+21.755, +7.452,+0.981
1525806420,+3.49,+21.947, +8.230,+0.980
1525807320,+3.49,+22.156, +8.293,+0.981
1525808220,+3.49,+22.373, +8.969,+0.977
1525809120,+3.49,+22.440, +8.849,+0.978
1525810020,+3.49,+22.590, +8.773,+0.982
1525810920,+3.49,+22.774, +9.068,+0.978
1525811820,+3.49,+22.858, +9.179,+0.979
